target_id	length	eff_length	est_counts	tpm
gene-HO397_00005	66	27.4668	2	43.5654
gene-HO397_00010	2463	2662.82	53	11.9084
gene-HO397_00015	933	900.117	15	9.97041
gene-HO397_00020	1287	1082.27	15	8.2923
gene-HO397_00025	297	288.822	5	10.3576
gene-HO397_00030	777	870.698	8	5.49722
gene-HO397_00035	1431	1551.64	5	1.92796
gene-HO397_00040	954	1069.82	70	39.148
gene-HO397_00045	588	472.967	15	18.975
gene-HO397_00050	567	533.333	11	12.34
gene-HO397_00055	714	735.89	7	5.69122
gene-HO397_00060	405	358.755	0	0
gene-HO397_00065	1917	1972.83	305	92.4978
gene-HO397_00070	1131	1027.07	34	19.8062
gene-HO397_00075	1113	1162.53	67	34.4818
gene-HO397_00080	210	161.947	12	44.3332
gene-HO397_00085	1167	1204.8	9	4.46938
gene-HO397_00090	900	1023.33	10	5.84663
gene-HO397_00095	960	1219.76	4	1.96203
gene-HO397_00100	1353	1306.76	0	0
gene-HO397_00105	1089	1279.9	1	0.46746
gene-HO397_00110	698	711.903	0.00979694	0.0082336
gene-HO397_00115	347	300.819	0	0
gene-HO397_00120	264	185.582	86	277.258
gene-HO397_00125	219	195.947	2	6.10677
gene-HO397_00130	942	1182.55	38	19.2259
gene-HO397_00135	2817	2977.42	119	23.9126
gene-HO397_00140	495	424.588	72	101.458
gene-HO397_00145	450	523.151	2	2.2873
gene-HO397_00150	951	1017.32	8	4.70492
gene-HO397_00155	915	868.755	0	0
gene-HO397_00160	822	814.342	3	2.20412
gene-HO397_00165	1149	1131.87	30	15.8579
gene-HO397_00170	3222	3390.42	22	3.8823
gene-HO397_00175	396	484.625	8	9.87653
gene-HO397_00180	591	542.157	1	1.10356
gene-HO397_00185	786	739.755	0	0
gene-HO397_00190	1554	1645.62	6	2.18143
gene-HO397_00195	1217	1195.41	2	1.001
gene-HO397_00200	1143	1204.26	7	3.47775
gene-HO397_00205	1515	1582.33	6	2.26869
gene-HO397_00210	771	579.299	1	1.0328
gene-HO397_00215	942	939.707	1	0.63669
gene-HO397_00220	1287	1240.76	0	0
gene-HO397_00225	288	241.844	0	0
gene-HO397_00230	1332	1431.02	7	2.92666
gene-HO397_00235	531	484.755	0	0
gene-HO397_00240	1863	1711.08	2	0.699328
gene-HO397_00245	480	461.886	11	14.2488
gene-HO397_00250	843	774.246	10	7.72754
gene-HO397_00255	378	303.553	10	19.71
gene-HO397_00260	822	797.712	8	6.00018
gene-HO397_00265	990	828.648	17	12.2744
gene-HO397_00270	1287	1088.33	81	44.5292
gene-HO397_00275	2355	2663.99	68	15.272
gene-HO397_00280	816	868.975	7	4.8196
gene-HO397_00285	660	796.728	3	2.25285
gene-HO397_00290	2907	2633.29	32	7.27062
gene-HO397_00295	2352	2322.82	32	8.24241
gene-HO397_00300	696	738.359	3	2.43094
gene-HO397_00305	1503	1410.35	7	2.96957
gene-HO397_00310	1701	1576.25	4	1.5183
gene-HO397_00315	879	815.391	3	2.20128
gene-HO397_00320	765	799.86	12	8.9761
gene-HO397_00325	699	586.473	4	4.08068
gene-HO397_00330	1611	1440.51	2	0.830683
gene-HO397_00335	984	902.652	3	1.98848
gene-HO397_00340	1656	1464.3	4	1.63437
gene-HO397_00345	132	103.973	8	46.0353
gene-HO397_00350	1179	1278.78	70	32.7508
gene-HO397_00355	606	524.246	8	9.1301
gene-HO397_00360	1401	1432.39	9	3.75925
gene-HO397_00365	1092	973.27	8	4.91787
gene-HO397_00370	1572	1755.5	4	1.36326
gene-HO397_00375	87	53.7435	4	44.5302
gene-HO397_00380	945	1019.18	5	2.93521
gene-HO397_00385	1725	1672.08	11	3.936
gene-HO397_00390	492	568.912	5	5.2583
gene-HO397_00395	87	46.3586	0	0
gene-HO397_00400	1005	908.184	11	7.24669
gene-HO397_00405	459	383.084	78	121.821
gene-HO397_00410	942	887.127	37	24.9538
gene-HO397_00415	366	364.647	205	336.358
gene-HO397_00420	1767	1866.8	149	47.754
gene-HO397_00425	1488	1436	67	27.9151
gene-HO397_00430	1359	1299.7	68	31.303
gene-HO397_00435	1083	1207.31	38	18.8316
gene-HO397_00440	1317	1263.13	91	43.1035
gene-HO397_00445	1245	1202.91	56	27.8531
gene-HO397_00450	1068	929.147	45	28.9767
gene-HO397_00455	1476	1473.37	54	21.9282
gene-HO397_00460	921	856.941	32	22.3419
gene-HO397_00465	831	809.06	125	92.4378
gene-HO397_00470	1263	1445.46	95	39.3223
gene-HO397_00475	1152	1160.97	83	42.7737
gene-HO397_00480	918	889.475	231	155.381
gene-HO397_00485	513	704.18	90	76.4679
gene-HO397_00490	2706	2595.81	50	11.5244
gene-HO397_00495	390	406.84	1	1.47061
gene-HO397_00500	198	147.319	3	12.1838
gene-HO397_00505	744	835.415	8	5.72938
gene-HO397_00510	621	548.327	21	22.914
gene-HO397_00515	1044	1124.16	26	13.8377
gene-HO397_00520	1203	1207.63	3	1.48631
gene-HO397_00525	1386	1462.01	3	1.2277
gene-HO397_00530	441	394.755	0	0
gene-HO397_00535	894	857.407	13	9.07145
gene-HO397_00540	552	563.718	4	4.2454
gene-HO397_00545	855	937.487	6	3.82918
gene-HO397_00550	1374	1370	13	5.67733
gene-HO397_00555	765	779.398	116	89.047
gene-HO397_00560	2664	2612.28	248	56.8005
gene-HO397_00565	1893	1758.48	107	36.4055
gene-HO397_00570	1425	1400.25	98	41.8738
gene-HO397_00575	1854	1943.96	3	0.923326
gene-HO397_00580	2598	2604.54	286	65.6985
gene-HO397_00585	363	419.747	11	15.6793
gene-HO397_00590	795	871.138	20	13.7361
gene-HO397_00595	867	823.432	18	13.0787
gene-HO397_00600	348	288.694	31	64.2457
gene-HO397_00605	1551	1534.97	3	1.16934
gene-HO397_00610	2391	2499.03	68	16.2801
gene-HO397_00615	537	512.284	33	38.541
gene-HO397_00620	663	581.669	137	140.918
gene-HO397_00625	927	1006.39	13	7.72853
gene-HO397_00630	771	694.052	9	7.75838
gene-HO397_00635	441	513.657	7	8.15352
gene-HO397_00640	1230	1433.7	18	7.51162
gene-HO397_00645	381	366.553	8	13.0579
gene-HO397_00650	903	1138.41	24	12.6134
gene-HO397_00655	852	730.893	34	27.8321
gene-HO397_00660	795	796.832	8	6.00681
gene-HO397_00665	1239	1192.76	0	0
gene-HO397_00670	597	682.335	1	0.876844
gene-HO397_00675	606	686.9	2	1.74204
gene-HO397_00680	570	562.618	21	22.3319
gene-HO397_00685	2598	3144.56	24	4.56638
gene-HO397_00690	741	821.795	1	0.728043
gene-HO397_00695	585	541.692	1	1.10451
gene-HO397_00700	480	461.126	5	6.4874
gene-HO397_00705	1419	1519.3	50	19.6901
gene-HO397_00710	927	985.539	3	1.82124
gene-HO397_00715	456	401.765	33	49.1431
gene-HO397_00720	705	805.339	10	7.4292
gene-HO397_00725	531	464.397	10	12.8834
gene-HO397_00730	2430	2262.46	13	3.43781
gene-HO397_00735	2535	2531.54	26	6.14481
gene-HO397_00740	435	444.947	1	1.34466
gene-HO397_00745	1229	1182.76	0	0
gene-HO397_00750	1812	2051.9	17	4.95694
gene-HO397_00755	798	689.736	6	5.20462
gene-HO397_00760	891	844.755	0	0
gene-HO397_00765	1983	1988.97	2	0.601619
gene-HO397_00770	1281	1245.45	15	7.20587
gene-HO397_00775	1422	1506.01	18	7.15099
gene-HO397_00780	66	27.4668	7	152.479
gene-HO397_00785	345	335.137	30	53.5573
gene-HO397_00790	624	715.442	15	12.544
gene-HO397_00795	801	850.19	7	4.92609
gene-HO397_00800	699	645.183	17	15.7647
gene-HO397_00805	1518	1818.96	14	4.60496
gene-HO397_00810	1425	1444.06	12	4.97182
gene-HO397_00815	1158	1298.48	3	1.38231
gene-HO397_00820	387	416.938	9	12.9149
gene-HO397_00825	813	992.627	4	2.41098
gene-HO397_00830	825	849.987	10	7.03896
gene-HO397_00835	2673	2986.48	22	4.40742
gene-HO397_00840	795	895.343	25	16.7059
gene-HO397_00845	726	697.329	51	43.7575
gene-HO397_00850	852	889.272	56	37.6768
gene-HO397_00855	726	773.471	5	3.86764
gene-HO397_00860	558	508.448	89	104.728
gene-HO397_00865	1197	1198.22	21	10.4858
gene-HO397_00870	759	690.67	33	28.5867
gene-HO397_00875	858	1022.64	11	6.43564
gene-HO397_00880	1353	1504.6	48	19.0871
gene-HO397_00885	2433	2533.39	243	57.3884
gene-HO397_00890	486	409.176	33	48.2529
gene-HO397_00895	1026	1170.65	162	82.7958
gene-HO397_00900	456	481.76	20	24.8382
gene-HO397_00905	789	786.597	22	16.7336
gene-HO397_00910	1149	1053.41	33	18.743
gene-HO397_00915	597	548.755	18	19.6252
gene-HO397_00920	3483	3432.94	101	17.6025
gene-HO397_00925	960	1116.65	65	34.8271
gene-HO397_00930	2142	2336.46	19	4.86538
gene-HO397_00935	390	275.654	9	19.5344
gene-HO397_00940	1299	1418.29	27	11.3899
gene-HO397_00945	261	242.401	11	27.1506
gene-HO397_00950	201	139.198	5	21.491
gene-HO397_00955	546	549.176	5	5.44727
gene-HO397_00960	423	396.602	1	1.50857
gene-HO397_00965	711	676.732	26	22.9867
gene-HO397_00970	825	860.701	15	10.427
gene-HO397_00975	1719	1700.42	30	10.5556
gene-HO397_00980	708	684.915	5	4.36771
gene-HO397_00985	405	364.27	14	22.9945
gene-HO397_00990	816	910.949	29	19.0469
gene-HO397_00995	654	720.76	12	9.96118
gene-HO397_01000	1032	949.767	104	65.5144
gene-HO397_01005	573	585.995	3	3.063
rna-HO397_01010	1554	1533.94	5735.91	2237.25
rna-HO397_01015	77	37.2239	976	15687.3
rna-HO397_01020	76	36.3116	662	10907.7
rna-HO397_01025	2929	3046.48	17699.9	3476.1
rna-HO397_01030	116	73.0415	3965.5	32482.5
rna-HO397_01035	77	37.2239	269.333	4329.01
gene-HO397_01040	804	984.193	3	1.82373
gene-HO397_01045	915	909.634	7	4.60418
gene-HO397_01050	801	898.357	24	15.9839
gene-HO397_01055	597	567.758	8	8.43039
gene-HO397_01060	1359	1405.91	58	24.6826
gene-HO397_01065	756	773.09	16	12.3826
gene-HO397_01070	723	784.64	14	10.6752
gene-HO397_01075	468	440.312	16	21.741
gene-HO397_01080	732	770.216	6	4.66079
rna-HO397_01085	77	37.2239	269.333	4329.01
gene-HO397_01090	786	857.561	6	4.18607
gene-HO397_01095	698	707.377	0	0
gene-HO397_01100	372	457.203	2	2.61723
gene-HO397_01105	1137	1483.57	1.75367	0.707229
gene-HO397_01110	771	607.929	18	17.715
gene-HO397_01115	474	398.181	1	1.50259
gene-HO397_01120	2445	2682.33	13	2.89969
gene-HO397_01125	579	595.808	30	30.1256
gene-HO397_01130	768	830.244	16	11.5301
gene-HO397_01135	741	734.86	23	18.7259
gene-HO397_01140	279	276.739	18	38.9155
gene-HO397_01145	261	221.186	8	21.6398
gene-HO397_01150	774	727.755	0	0
gene-HO397_01155	498	451.755	0	0
gene-HO397_01160	1740	1720.11	1	0.347828
gene-HO397_01165	786	739.755	0	0
gene-HO397_01170	1056	1136.96	3	1.57869
gene-HO397_01175	294	247.844	0	0
gene-HO397_01180	399	414.108	3	4.33439
gene-HO397_01185	453	406.755	0	0
gene-HO397_01190	267	299.08	4.82066	9.64359
gene-HO397_01195	558	471.436	20.1793	25.6097
gene-HO397_01200	1458	1443.93	36	14.9169
gene-HO397_01205	459	380.151	11	17.3124
gene-HO397_01210	1245	1143.8	29	15.1694
gene-HO397_01215	402	430.673	85	118.084
gene-HO397_01220	698	710.553	165.435	139.3
gene-HO397_01225	1038	1183.17	4	2.02271
gene-HO397_01230	1104	1001.11	71	42.4325
gene-HO397_01235	1254	1339.59	30	13.3989
rna-HO397_01240	76	36.3116	169	2784.6
gene-HO397_01245	411	371.482	3	4.83175
gene-HO397_01250	957	870.136	8	5.50077
gene-HO397_01255	2199	2319.39	2	0.515914
gene-HO397_01260	957	857.518	3	2.09314
gene-HO397_01265	690	689.342	1	0.867932
gene-HO397_01270	615	641.483	75	69.9514
gene-HO397_01275	213	176.898	3	10.1466
gene-HO397_01280	330	333.074	18	32.3335
gene-HO397_01285	711	630.205	14	13.2913
gene-HO397_01290	1644	1599.04	10	3.74163
gene-HO397_01295	2526	2226.61	19	5.10541
gene-HO397_01300	669	542.275	1	1.10332
gene-HO397_01305	636	726.148	2	1.64788
gene-HO397_01310	543	610.568	16	15.6786
gene-HO397_01315	228	165.28	1	3.61994
gene-HO397_01320	141	155.1	3	11.5726
gene-HO397_01325	264	258.356	1	2.31581
gene-HO397_01330	102	71.6691	1	8.34812
gene-HO397_01335	1233	1504.78	1	0.3976
gene-HO397_01340	852	1019.27	7	4.10892
gene-HO397_01345	129	108.372	1	5.52083
gene-HO397_01350	594	547.755	0	0
gene-HO397_01355	237	190.926	0	0
gene-HO397_01360	1326	1590.26	4	1.50492
gene-HO397_01365	855	1058.23	5	2.82691
gene-HO397_01370	720	634.873	2	1.88479
gene-HO397_01375	1428	1511.74	12	4.74924
gene-HO397_01380	696	721.801	4	3.31561
gene-HO397_01385	669	887.69	7	4.71799
gene-HO397_01390	1671	1829.88	17	5.55837
gene-HO397_01395	1473	1527.46	74	28.9856
gene-HO397_01400	588	556.218	54	58.0857
gene-HO397_01405	2034	1726.13	84	29.1156
gene-HO397_01410	75	35.4246	0	0
gene-HO397_01415	1089	1353.37	65	28.7355
gene-HO397_01420	933	905.341	14	9.25201
gene-HO397_01425	498	451.755	0	0
gene-HO397_01430	606	559.755	0	0
gene-HO397_01435	864	919.278	2	1.30168
gene-HO397_01440	1548	1404.29	3	1.27816
gene-HO397_01445	1419	1372.76	0	0
gene-HO397_01450	297	368.5	517	839.408
gene-HO397_01455	951	972.559	2	1.23037
gene-HO397_01460	1383	1572.9	7	2.66268
gene-HO397_01465	1050	1104.81	3	1.62463
gene-HO397_01470	816	1045.01	6	3.43518
gene-HO397_01475	246	328.735	3	5.46003
gene-HO397_01480	672	803.864	2	1.48856
gene-HO397_01485	276	310.305	1	1.92811
gene-HO397_01490	1587	1589	3	1.12958
gene-HO397_01495	891	844.755	0	0
gene-HO397_01500	1170	981.705	2	1.2189
gene-HO397_01505	1452	1435.31	1	0.416844
gene-HO397_01510	1887	2020.15	1	0.296167
gene-HO397_01515	1260	1497.46	3	1.19863
gene-HO397_01520	1284	1269.9	4	1.88456
gene-HO397_01525	900	784.681	4	3.04991
gene-HO397_01530	660	613.755	0	0
gene-HO397_01535	471	424.755	0	0
gene-HO397_01540	1182	1046.91	1	0.571491
gene-HO397_01545	612	698.194	5	4.28464
gene-HO397_01550	1254	1410.66	17	7.21018
gene-HO397_01555	3075	3007.04	203	40.3904
gene-HO397_01560	1083	1033.91	218522	126454
gene-HO397_01565	948	872.33	19	13.0315
gene-HO397_01570	1665	1651.18	5	1.81174
gene-HO397_01575	945	912.773	6	3.93287
gene-HO397_01580	867	820.755	0	0
gene-HO397_01585	810	723.634	1	0.826802
gene-HO397_01590	951	904.755	0	0
gene-HO397_01595	1014	1064.41	1	0.562096
gene-HO397_01600	1212	1101.58	1	0.543132
gene-HO397_01605	540	466.839	4	5.12641
gene-HO397_01610	834	787.445	9	6.83821
gene-HO397_01615	1110	1246.18	5	2.40054
gene-HO397_01620	276	262.681	6	13.666
gene-HO397_01625	774	760.627	7	5.50613
gene-HO397_01630	698	715.26	153.949	128.776
gene-HO397_01635	963	792.853	4	3.01848
gene-HO397_01640	768	665.513	5	4.49504
gene-HO397_01645	828	657.825	3	2.72855
gene-HO397_01650	852	876.447	1	0.682645
gene-HO397_01655	975	900.329	7	4.65176
gene-HO397_01660	2907	3055.49	120	23.4975
gene-HO397_01665	624	817.461	13	9.51474
gene-HO397_01670	1158	1199.75	12	5.98425
gene-HO397_01675	1221	1176.9	10	5.08371
gene-HO397_01680	1095	1144.36	10	5.22829
gene-HO397_01685	309	262.819	0	0
gene-HO397_01690	213	203.099	4	11.7835
gene-HO397_01695	1095	1124.21	33	17.5626
gene-HO397_01700	204	193.228	2	6.19272
gene-HO397_01705	261	192.487	3	9.32481
gene-HO397_01710	1416	1367.5	6	2.62508
gene-HO397_01715	321	266.339	1	2.2464
gene-HO397_01720	1116	1234.25	11	5.33225
gene-HO397_01725	810	744.619	6	4.82101
gene-HO397_01730	459	479.645	1	1.24739
gene-HO397_01735	525	520.626	32	36.7743
gene-HO397_01740	192	139.775	9	38.5241
gene-HO397_01745	678	811.143	3	2.21281
gene-HO397_01750	285	241.331	11	27.2709
gene-HO397_01755	342	531.27	41	46.1731
gene-HO397_01760	84	43.0706	1	13.8912
gene-HO397_01765	698	715.26	153.949	128.776
gene-HO397_01770	912	922.134	32	20.7623
gene-HO397_01775	909	928.174	9	5.80141
gene-HO397_01780	1185	1264.86	14	6.62226
gene-HO397_01785	3147	3241.19	7	1.29215
gene-HO397_01790	1203	1174.7	16	8.14916
gene-HO397_01795	690	668.18	9	8.05878
gene-HO397_01800	1296	1251.39	6	2.86865
gene-HO397_01805	1320	1365.01	7	3.06819
gene-HO397_01810	1374	1303.64	12	5.50735
gene-HO397_01815	1818	2019.27	18	5.33334
gene-HO397_01820	582	452.922	10	13.2098
gene-HO397_01825	1071	1021.43	28	16.401
gene-HO397_01830	1128	1354.72	14	6.183
gene-HO397_01835	333	318.269	5	9.39932
gene-HO397_01840	1848	1929.29	110	34.1126
gene-HO397_01845	972	902.362	44	29.1738
gene-HO397_01850	348	343.356	5	8.71255
gene-HO397_01855	885	811.142	16	11.8017
gene-HO397_01860	540	470.698	2	2.54219
gene-HO397_01865	450	348.869	13	22.2947
gene-HO397_01870	1104	1166.61	29	14.8728
gene-HO397_01875	471	439.775	9	12.2443
gene-HO397_01880	420	341.802	11	19.2548
gene-HO397_01885	978	799.969	25	18.6977
gene-HO397_01890	519	527.59	26	29.4847
gene-HO397_01895	975	1112.31	7	3.76525
gene-HO397_01900	1863	1840.66	33	10.7265
gene-HO397_01905	900	892.247	52	34.8689
gene-HO397_01910	243	246.415	24	58.2726
gene-HO397_01915	1449	1621.97	58	21.3947
gene-HO397_01920	591	652.45	4	3.66803
gene-HO397_01925	912	858.628	5	3.48406
gene-HO397_01930	492	403.32	12	17.8013
gene-HO397_01935	1365	1435.72	28	11.6683
gene-HO397_01940	936	1078.82	4	2.21835
gene-HO397_01945	543	555.514	64	68.9295
gene-HO397_01950	312	251.932	60	142.491
gene-HO397_01955	891	840.118	33	23.5014
gene-HO397_01960	330	239.279	18	45.0079
gene-HO397_01965	615	547.611	39	42.6101
gene-HO397_01970	1992	2040.63	63	18.4713
gene-HO397_01975	948	895.05	60	40.1074
gene-HO397_01980	1476	1304.07	25	11.4699
gene-HO397_01985	579	532.755	0	0
gene-HO397_01990	318	295.466	8	16.1995
gene-HO397_01995	1299	1310.37	40	18.2637
gene-HO397_02000	624	551.481	38	41.2262
gene-HO397_02005	1275	1332.75	65	29.18
gene-HO397_02010	1113	1162.53	67	34.4818
gene-HO397_02015	2355	2540.57	8	1.88399
gene-HO397_02020	273	178.733	33	110.466
gene-HO397_02025	1872	1777.63	47	15.8189
gene-HO397_02030	372	304.764	1	1.96317
gene-HO397_02035	399	407.959	2	2.93315
gene-HO397_02040	696	831.692	2	1.43876
gene-HO397_02045	1701	1723.05	5	1.73617
gene-HO397_02050	819	759.557	8	6.30159
gene-HO397_02055	459	302.501	5	9.88927
gene-HO397_02060	1773	1862.24	8	2.57025
gene-HO397_02065	1782	1969.91	17	5.16324
gene-HO397_02070	339	292.819	0	0
gene-HO397_02075	1287	1399.73	6	2.56465
gene-HO397_02080	861	803.27	2	1.48967
gene-HO397_02085	573	570.895	15	15.7201
gene-HO397_02090	390	392.988	16	24.3591
rna-HO397_02095	97	55.4187	1533	16550.3
gene-HO397_02100	354	333.081	2	3.59253
gene-HO397_02105	1551	1611.61	23	8.53864
gene-HO397_02110	471	411.833	18	26.15
gene-HO397_02115	552	663.079	43	38.7993
gene-HO397_02120	219	232.76	19	48.8389
gene-HO397_02125	375	438.813	164	223.607
gene-HO397_02130	3150	3230.2	38	7.03841
gene-HO397_02135	1194	1158.59	20	10.3281
gene-HO397_02140	648	704.299	73	62.0135
gene-HO397_02145	3363	3397.85	21	3.69773
gene-HO397_02150	162	117.098	0	0
gene-HO397_02155	528	418.786	8	11.4293
gene-HO397_02160	378	523.652	6	6.85533
gene-HO397_02165	552	516.443	12	13.9021
gene-HO397_02170	1932	1916.64	21	6.5554
gene-HO397_02175	330	306.89	3	5.84869
gene-HO397_02180	606	457.341	10	13.0822
gene-HO397_02185	1875	1850.15	65	21.0197
gene-HO397_02190	645	630.795	26	24.6607
gene-HO397_02195	963	933.202	34	21.7984
gene-HO397_02200	960	970.323	14	8.63241
gene-HO397_02205	1305	1504.57	34	13.5203
gene-HO397_02210	1677	1711.9	29	10.1354
gene-HO397_02215	1221	1088.3	4	2.19903
gene-HO397_02220	1653	1838.07	13	4.23157
gene-HO397_02225	480	380.215	17	26.751
gene-HO397_02230	795	719.727	13	10.8068
gene-HO397_02235	342	384.905	11	17.0985
gene-HO397_02240	2505	2428.93	20	4.92648
gene-HO397_02245	933	886.755	0	0
gene-HO397_02250	1293	1172.62	4	2.0409
gene-HO397_02255	408	312.533	30	57.4308
gene-HO397_02260	459	409.372	12	17.5382
gene-HO397_02265	918	924.187	38	24.6005
gene-HO397_02270	678	717.846	6	5.00081
gene-HO397_02275	780	858.741	11	7.66392
gene-HO397_02280	855	705.676	16	13.5655
gene-HO397_02285	810	867.685	8	5.5163
gene-HO397_02290	624	676.994	5	4.41881
gene-HO397_02295	687	505.363	7	8.28734
gene-HO397_02300	2415	2205.88	4	1.08492
gene-HO397_02305	4281	4258.2	17.0797	2.39979
gene-HO397_02310	369	401.307	2	2.98177
gene-HO397_02315	708	830.812	11	7.92155
gene-HO397_02320	261	214.844	0	0
gene-HO397_02325	174	128.693	0	0
gene-HO397_02330	366	317.698	4	7.53297
gene-HO397_02335	1095	1103.97	3	1.62586
gene-HO397_02340	927	880.755	0	0
gene-HO397_02345	483	444.68	1	1.34547
gene-HO397_02350	816	787.87	22	16.7066
gene-HO397_02355	1782	1599.49	10	3.74057
gene-HO397_02360	777	923.621	1	0.647779
gene-HO397_02365	879	751.342	1	0.796311
gene-HO397_02370	1455	1566.11	1	0.382031
gene-HO397_02375	1362	1290.19	5	2.31866
gene-HO397_02380	1302	1287.08	3	1.39455
gene-HO397_02385	1146	1076.1	2	1.11198
gene-HO397_02390	786	936.045	3	1.91754
gene-HO397_02395	1236	1477.25	1	0.40501
gene-HO397_02400	1050	1111.09	2	1.07697
gene-HO397_02405	1668	1621.76	0	0
gene-HO397_02410	1260	1213.76	0	0
gene-HO397_02415	816	696.625	4	3.43543
gene-HO397_02420	894	939.366	3	1.91076
gene-HO397_02425	1068	1147.02	6	3.12969
gene-HO397_02430	510	463.755	0	0
gene-HO397_02435	723	610.353	7	6.86179
gene-HO397_02440	495	396.915	7	10.5517
gene-HO397_02445	1386	1492.54	15	6.01294
gene-HO397_02450	522	475.755	0	0
gene-HO397_02455	213	122.675	2	9.75422
gene-HO397_02460	867	834.094	13	9.325
gene-HO397_02465	543	496.755	0	0
gene-HO397_02470	693	858.241	6	4.18275
gene-HO397_02475	2610	3004.89	16	3.18575
gene-HO397_02480	1041	1018.3	1	0.587551
gene-HO397_02485	516	452.418	11	14.547
gene-HO397_02490	633	586.755	0	0
rna-HO397_02495	77	37.2239	11	176.804
gene-HO397_02500	1164	1322.49	32	14.477
gene-HO397_02505	279	263.64	2	4.53877
gene-HO397_02510	219	154.877	1	3.86309
gene-HO397_02515	282	269.8	1	2.21758
gene-HO397_02520	351	304.819	0	0
gene-HO397_02525	228	211.257	2	5.66421
gene-HO397_02530	333	280.341	5	10.671
gene-HO397_02535	150	105.43	0	0
gene-HO397_02540	1527	2055.47	1	0.291078
gene-HO397_02545	552	700.743	5	4.26905
gene-HO397_02550	798	992.26	23	13.8683
gene-HO397_02555	102	59.9888	0	0
gene-HO397_02560	456	409.755	0	0
gene-HO397_02565	171	125.769	0	0
gene-HO397_02570	291	244.844	0	0
gene-HO397_02575	363	316.787	0	0
gene-HO397_02580	141	170.894	2	7.00201
gene-HO397_02585	384	337.755	0	0
gene-HO397_02590	513	549.3	2	2.17842
gene-HO397_02595	698	711.903	0.00979694	0.0082336
gene-HO397_02600	579	572.554	13	13.5846
gene-HO397_02605	216	169.997	0	0
gene-HO397_02610	498	470.307	5	6.36076
gene-HO397_02615	183	158.249	27	102.081
gene-HO397_02620	294	258.796	13	30.0543
gene-HO397_02625	195	158.914	9	33.8844
gene-HO397_02630	510	504.266	4	4.74593
gene-HO397_02635	156	111.224	0	0
gene-HO397_02640	1812	2127	5	1.40645
gene-HO397_02645	459	412.755	0	0
gene-HO397_02650	270	238.492	1	2.50869
gene-HO397_02655	1449	1606.55	3	1.11724
gene-HO397_02660	684	744.438	4	3.21479
gene-HO397_02665	1374	1409.43	21	8.91448
gene-HO397_02670	333	292.682	1	2.04421
gene-HO397_02675	1224	1288.09	3	1.39347
gene-HO397_02680	3144	3062.25	23	4.49374
gene-HO397_02685	1377	1403.68	48	20.4595
gene-HO397_02690	1248	1256.16	21	10.0021
gene-HO397_02695	654	689.547	10	8.67674
gene-HO397_02700	369	318.072	5	9.40512
gene-HO397_02705	249	167.225	5	17.8891
gene-HO397_02710	1119	1072.76	0	0
gene-HO397_02715	1013	1069.12	0	0
gene-HO397_02720	698	711.903	0.00979694	0.0082336
gene-HO397_02725	129	111.465	138.298	742.328
gene-HO397_02730	153	108.258	0	0
gene-HO397_02735	1113	1162.53	67	34.4818
gene-HO397_02740	621	651.835	3	2.75362
gene-HO397_02745	2241	2527.71	10	2.36697
gene-HO397_02750	1203	1156.76	0	0
gene-HO397_02755	219	172.997	0	0
gene-HO397_02760	3882	3959.79	5	0.755472
gene-HO397_02765	1134	1196.15	6	3.00113
gene-HO397_02770	816	830.721	5	3.6011
gene-HO397_02775	993	980.361	2	1.22057
gene-HO397_02780	1005	894.606	4	2.67515
gene-HO397_02785	1251	1207.62	5	2.4772
gene-HO397_02790	957	910.755	0	0
gene-HO397_02795	1176	1129.76	0	0
gene-HO397_02800	1611	1564.76	0	0
gene-HO397_02805	858	811.755	0	0
gene-HO397_02810	747	727.654	3	2.4667
gene-HO397_02815	414	340.921	4	7.01983
gene-HO397_02820	2096	2109.01	40	11.3475
gene-HO397_02825	198	138.497	7	30.2398
gene-HO397_02830	1089	1041.89	21	12.0591
gene-HO397_02835	1161	1280.02	3	1.40225
gene-HO397_02840	630	701.891	4	3.40966
gene-HO397_02845	1071	1121.8	7	3.73338
gene-HO397_02850	698	715.26	153.949	128.776
gene-HO397_02855	762	780.845	38	29.1165
gene-HO397_02860	564	492.256	115	139.774
gene-HO397_02865	1566	1669.35	119	42.65
gene-HO397_02870	429	339.719	9	15.8505
gene-HO397_02875	1239	1389.28	10	4.30656
gene-HO397_02880	411	347.444	7	12.0541
gene-HO397_02885	807	817.682	13	9.51216
gene-HO397_02890	1464	1417.76	0	0
gene-HO397_02895	879	804.499	6	4.46217
gene-HO397_02900	552	650.499	7	6.43831
gene-HO397_02905	1533	1486.76	0	0
gene-HO397_02910	909	884.233	5	3.38317
gene-HO397_02915	297	250.844	0	0
gene-HO397_02920	1059	1297.66	7	3.22743
gene-HO397_02925	698	715.26	153.949	128.776
gene-HO397_02930	1659	1836.68	7	2.28026
gene-HO397_02935	681	676.608	1	0.884267
gene-HO397_02940	1386	1299.61	2	0.920738
gene-HO397_02945	561	514.755	0	0
gene-HO397_02950	210	186.755	2	6.40736
gene-HO397_02955	384	370.052	2	3.23361
gene-HO397_02960	789	730.136	1	0.819439
gene-HO397_02965	204	229.94	5	13.01
gene-HO397_02970	966	886.74	44	29.6877
gene-HO397_02975	954	902.231	24	15.9153
gene-HO397_02980	642	663.972	5	4.50547
gene-HO397_02985	264	190.481	12	37.6921
gene-HO397_02990	1212	1285.07	6	2.79348
gene-HO397_02995	1089	984.758	12	7.29075
gene-HO397_03000	1113	1285.61	20	9.30767
gene-HO397_03005	1902	2070.67	27	7.80139
gene-HO397_03010	468	418.239	11	15.7358
gene-HO397_03015	318	265.127	1	2.25666
gene-HO397_03020	612	608.577	6	5.8987
gene-HO397_03025	642	586.132	10	10.2076
gene-HO397_03030	1032	968.484	19	11.7377
gene-HO397_03035	582	558.58	41	43.9156
gene-HO397_03040	2583	2551.93	97	22.7417
gene-HO397_03045	483	480.423	13	16.1897
gene-HO397_03050	978	1302.72	20	9.18545
gene-HO397_03055	708	841.816	7	4.97509
gene-HO397_03060	1451	1432.84	14	5.84589
gene-HO397_03065	1671	1769.94	4	1.35214
gene-HO397_03070	936	1159.91	5	2.57909
gene-HO397_03075	372	325.755	0	0
gene-HO397_03080	1370	1496.47	12.4255	4.96782
gene-HO397_03085	357	293.021	5	10.2092
gene-HO397_03090	675	591.231	3	3.03588
gene-HO397_03095	741	716.694	14	11.6873
gene-HO397_03100	909	879.771	17	11.5611
gene-HO397_03105	1878	1980.35	19	5.74027
gene-HO397_03110	1539	1647.7	70	25.4179
gene-HO397_03115	879	928.377	15	9.6669
gene-HO397_03120	468	496.338	19	22.9032
gene-HO397_03125	1041	1088.44	28	15.3912
gene-HO397_03130	1425	1586.96	52	19.6046
gene-HO397_03135	1176	1355.42	20	8.82827
rna-HO397_03140	75	35.4246	207	3496.12
rna-HO397_03145	75	35.4246	207	3496.12
rna-HO397_03150	77	37.2239	4	64.2923
rna-HO397_03155	75	35.4246	97.5	1646.72
rna-HO397_03160	75	35.4246	97.5	1646.72
rna-HO397_03165	85	44.5375	122	1638.91
rna-HO397_03170	77	37.2239	4	64.2923
gene-HO397_03175	1665	1849.14	107	34.6206
gene-HO397_03180	753	712.543	16	13.4347
gene-HO397_03185	1221	1240.15	19	9.1664
gene-HO397_03190	1149	1383.7	38	16.4309
gene-HO397_03195	801	842.268	111	78.8485
gene-HO397_03200	1947	1870.52	10	3.19859
gene-HO397_03205	1665	1868.47	37	11.8478
gene-HO397_03210	1407	1399.85	3	1.28221
gene-HO397_03215	327	294.17	2	4.06773
gene-HO397_03220	447	469.783	51	64.9521
gene-HO397_03225	87	46.3586	2	25.8119
gene-HO397_03230	531	673.847	19	16.8699
gene-HO397_03235	294	171.311	25	87.3125
gene-HO397_03240	765	829.41	4	2.88543
gene-HO397_03245	546	555.759	52	55.9806
gene-HO397_03250	1641	1510.48	14	5.54541
gene-HO397_03255	495	559.857	2	2.13734
gene-HO397_03260	651	662.806	3	2.70804
gene-HO397_03265	198	145.35	4	16.4651
gene-HO397_03270	1320	1407.56	2	0.850124
gene-HO397_03275	2199	2413.05	10	2.47944
gene-HO397_03280	258	211.865	0	0
gene-HO397_03285	678	623.778	10	9.59159
gene-HO397_03290	2685	2829.62	79	16.704
gene-HO397_03295	573	639.933	2	1.86989
gene-HO397_03300	2049	1960.29	3	0.915633
gene-HO397_03305	1674	1721.41	3	1.04269
gene-HO397_03310	90	48.9759	0	0
gene-HO397_03315	207	129.179	34	157.474
gene-HO397_03320	303	208.299	5.70643	16.3907
gene-HO397_03325	1545	1466.34	7.5359	3.07482
gene-HO397_03330	327	280.819	0	0
gene-HO397_03335	1434	1333.68	5.53659	2.48376
gene-HO397_03340	570	604.809	3	2.96772
gene-HO397_03345	276	229.844	0	0
gene-HO397_03350	243	295.438	1	2.02513
gene-HO397_03355	1137	1459	2.16383	0.887338
gene-HO397_03360	759	884.664	3.42805	2.31841
gene-HO397_03365	510	460.627	5	6.49443
gene-HO397_03370	1422	1418.21	10	4.21871
gene-HO397_03375	1482	1839.45	8	2.60209
gene-HO397_03380	744	705.64	25	21.1972
gene-HO397_03385	657	620.316	12	11.5741
gene-HO397_03390	933	913.57	22	14.4079
gene-HO397_03395	735	744.058	25	20.1027
gene-HO397_03400	792	705.368	11	9.33034
gene-HO397_03405	1047	1016.56	8	4.70845
gene-HO397_03410	1062	1176.03	18	9.15745
gene-HO397_03415	732	803.873	6	4.46565
gene-HO397_03420	2460	2849.9	4	0.839751
gene-HO397_03425	567	523.552	1	1.14278
gene-HO397_03430	1284	1291.58	126	58.3672
gene-HO397_03435	108	60.0397	25	249.128
gene-HO397_03440	405	392.723	37	56.3684
gene-HO397_03445	348	237.915	9	22.6329
gene-HO397_03450	1767	1707.87	146	51.1469
gene-HO397_03455	717	748.172	105	83.9669
gene-HO397_03460	2802	2660.67	101	22.7118
gene-HO397_03465	1218	988.186	9	5.44909
gene-HO397_03470	1167	1036.23	11	6.35125
gene-HO397_03475	870	823.755	0	0
gene-HO397_03480	723	715.566	12	10.0335
gene-HO397_03485	1917	1952.15	4	1.22593
gene-HO397_03490	2634	2907.85	14	2.88056
gene-HO397_03495	228	224.128	8	21.3557
gene-HO397_03500	1569	1617.76	47	17.3822
gene-HO397_03505	1140	1203.8	28	13.9164
gene-HO397_03510	114	146.288	8	32.7192
gene-HO397_03515	294	264.262	7	15.8484
gene-HO397_03520	405	376.203	39	62.0245
gene-HO397_03525	693	755.311	43	34.0614
gene-HO397_03530	429	357.536	48	80.3234
gene-HO397_03535	1266	1204.53	70	34.7698
gene-HO397_03540	1293	1470.15	209	85.0563
gene-HO397_03545	522	491.353	81	98.6307
gene-HO397_03550	792	758.442	84	66.2639
rna-HO397_03555	76	36.3116	12.6667	208.707
rna-HO397_03560	76	36.3116	25	411.923
rna-HO397_03565	76	36.3116	12.6667	208.707
rna-HO397_03570	76	36.3116	25	411.923
rna-HO397_03575	76	36.3116	12.6667	208.707
rna-HO397_03580	76	36.3116	12.6667	208.707
rna-HO397_03585	76	36.3116	12.6667	208.707
gene-HO397_03590	1044	1097.44	65	35.4367
gene-HO397_03595	720	810.075	42	31.0202
gene-HO397_03600	942	1157.37	33	17.0594
gene-HO397_03605	381	334.755	0	0
gene-HO397_03610	1053	1160.77	47	24.2254
gene-HO397_03615	753	769.495	19	14.773
gene-HO397_03620	621	568.344	27	28.4232
gene-HO397_03625	1284	1400.62	6	2.56301
gene-HO397_03630	1071	1195.19	39	19.523
gene-HO397_03635	219	172.997	0	0
gene-HO397_03640	168	122.832	0	0
gene-HO397_03645	285	238.844	0	0
gene-HO397_03650	285	238.844	0	0
gene-HO397_03655	183	137.413	0	0
gene-HO397_03660	198	152.123	0	0
gene-HO397_03665	186	140.357	0	0
gene-HO397_03670	615	568.755	0	0
gene-HO397_03675	552	505.755	0	0
gene-HO397_03680	1623	1576.76	0	0
gene-HO397_03685	759	712.755	0	0
gene-HO397_03690	519	472.755	0	0
gene-HO397_03695	396	349.755	0	0
gene-HO397_03700	1026	979.755	0	0
gene-HO397_03705	105	62.8044	0	0
gene-HO397_03710	1338	1291.76	0	0
gene-HO397_03715	1146	1099.76	0	0
gene-HO397_03720	84	43.6458	0	0
gene-HO397_03725	477	492.614	8	9.71636
gene-HO397_03730	1290	1167.98	2	1.02451
gene-HO397_03735	1041	1063.69	2	1.12495
gene-HO397_03740	1155	1135.53	3	1.58067
gene-HO397_03745	756	837.283	3	2.14373
gene-HO397_03750	678	725.586	1	0.824577
gene-HO397_03755	2022	2073.63	27	7.79027
gene-HO397_03760	909	907.475	21	13.8454
gene-HO397_03765	990	934.482	11	7.04275
gene-HO397_03770	513	466.755	0	0
gene-HO397_03775	486	376.2	1	1.59038
gene-HO397_03780	246	199.926	0	0
gene-HO397_03785	453	406.755	0	0
gene-HO397_03790	705	681.7	18	15.7979
gene-HO397_03795	714	848.11	33	23.28
gene-HO397_03800	957	1067.2	1	0.56063
gene-HO397_03805	1242	1488.37	1	0.401985
gene-HO397_03810	762	696.766	2	1.71737
gene-HO397_03815	411	474.122	15	18.9288
gene-HO397_03820	1107	1040.77	7	4.02404
gene-HO397_03825	1134	1108.14	3	1.61974
gene-HO397_03830	1737	1924.07	25	7.7739
gene-HO397_03835	999	922.218	13	8.43393
gene-HO397_03840	672	731.713	16	13.0828
gene-HO397_03845	1365	1429.37	15	6.27867
gene-HO397_03850	483	545.68	1	1.09643
gene-HO397_03855	2151	2076.85	8	2.30465
gene-HO397_03860	963	945.854	2	1.2651
gene-HO397_03865	1086	1043.5	8	4.58689
gene-HO397_03870	261	310.274	7	13.4981
gene-HO397_03875	267	296.804	3	6.04744
gene-HO397_03880	678	694.707	6	5.16737
gene-HO397_03885	2283	2491.48	7	1.68098
gene-HO397_03890	261	183.351	4	13.0526
gene-HO397_03895	927	759.65	9	7.08842
gene-HO397_03900	2226	2226.7	5	1.34347
gene-HO397_03905	723	581.725	5	5.14248
gene-HO397_03910	660	774.496	4	3.09002
gene-HO397_03915	747	746.004	14	11.2281
gene-HO397_03920	504	505.862	42	49.675
gene-HO397_03925	888	841.755	0	0
gene-HO397_03930	66	27.4668	8	174.262
gene-HO397_03935	516	452.539	95	125.6
gene-HO397_03940	1584	1665.72	48	17.2409
gene-HO397_03945	129	84.445	25	177.128
gene-HO397_03950	468	510.401	12	14.0666
gene-HO397_03955	1119	1031.16	33	19.1474
gene-HO397_03960	921	797.097	30	22.518
gene-HO397_03965	1593	1563.85	23	8.79939
gene-HO397_03970	1266	1135.68	3	1.58047
gene-HO397_03975	816	756.984	20	15.8075
gene-HO397_03980	2433	2448.87	6	1.46591
gene-HO397_03985	900	958.94	2	1.24784
gene-HO397_03990	663	541.357	4	4.42075
gene-HO397_03995	750	698.703	11	9.41935
gene-HO397_04000	1236	1256.1	11	5.23948
gene-HO397_04005	966	913.869	7	4.58284
gene-HO397_04010	1872	1792.06	15	5.00794
gene-HO397_04015	1539	1605.63	10	3.72627
gene-HO397_04020	921	1027.16	3	1.74744
gene-HO397_04025	912	982.573	1	0.608913
gene-HO397_04030	2349	2897.24	13	2.6846
gene-HO397_04035	1329	1541.38	33	12.8093
gene-HO397_04040	1326	1216.53	19	9.34441
gene-HO397_04045	384	435.151	2	2.74986
gene-HO397_04050	1116	1047.78	5	2.85508
gene-HO397_04055	627	606.83	20	19.7189
gene-HO397_04060	1203	1234.61	28	13.5691
gene-HO397_04065	759	982.467	42	25.5771
gene-HO397_04070	597	556.715	49	52.6604
gene-HO397_04075	1233	1274.35	19	8.92045
gene-HO397_04080	285	202.208	10	29.5884
gene-HO397_04085	816	770.31	6	4.66022
gene-HO397_04090	1209	1359.75	14	6.16015
gene-HO397_04095	537	570.801	5	5.24089
gene-HO397_04100	333	409.771	23	33.582
gene-HO397_04105	1017	1090.59	7	3.84022
gene-HO397_04110	192	151.894	1	3.93894
gene-HO397_04115	570	724.891	6	4.95221
gene-HO397_04120	222	175.98	0	0
gene-HO397_04125	1446	1517.37	2	0.788605
gene-HO397_04130	189	167.65	4	14.275
gene-HO397_04135	234	203.697	4	11.7488
gene-HO397_04140	336	307.524	8	15.5643
gene-HO397_04145	924	1076.27	9	5.00315
gene-HO397_04150	963	1011.73	68	40.2127
gene-HO397_04155	1026	1027.06	2	1.16507
gene-HO397_04160	1767	1715.68	6	2.09236
gene-HO397_04165	753	706.755	0	0
gene-HO397_04170	171	125.769	0	0
gene-HO397_04175	429	382.755	0	0
gene-HO397_04180	432	416.6	1	1.43615
gene-HO397_04185	447	334.608	1	1.78807
gene-HO397_04190	807	951.556	4	2.51505
gene-HO397_04195	579	426.387	1	1.40319
gene-HO397_04200	360	313.819	0	0
gene-HO397_04205	909	849.792	1	0.704057
gene-HO397_04210	606	662.001	1	0.903779
gene-HO397_04215	1623	1673.1	12	4.29121
gene-HO397_04220	438	428.983	22	30.6834
gene-HO397_04225	603	602.354	1	0.993274
gene-HO397_04230	540	493.755	0	0
gene-HO397_04235	240	233.843	1	2.55857
gene-HO397_04240	402	355.755	0	0
gene-HO397_04245	219	240.362	3	7.46753
gene-HO397_04250	1686	1761.47	55	18.6814
gene-HO397_04255	378	358.878	38	63.3516
gene-HO397_04260	258	323.005	140	259.322
gene-HO397_04265	288	221.236	4	10.8174
gene-HO397_04270	723	829.771	6	4.32627
gene-HO397_04275	903	777.707	35	26.926
gene-HO397_04280	477	467.273	6	7.68247
gene-HO397_04285	1113	1213.06	24	11.8372
gene-HO397_04290	1134	1206.35	2	0.991922
gene-HO397_04295	954	1008.78	1	0.593093
gene-HO397_04300	846	698.629	7	5.99476
gene-HO397_04305	489	506.706	9	10.6269
gene-HO397_04310	1128	1182.01	2	1.01235
gene-HO397_04315	732	787.168	2	1.52014
gene-HO397_04320	669	570.482	3	3.1463
gene-HO397_04325	717	697.358	6	5.14773
gene-HO397_04330	732	665.109	5	4.49777
gene-HO397_04335	729	698.399	8	6.85341
gene-HO397_04340	516	409.156	1	1.46228
gene-HO397_04345	324	274.572	7	15.2532
gene-HO397_04350	831	723.694	10	8.26733
gene-HO397_04355	1014	912.38	42	27.5419
gene-HO397_04360	1431	1225.37	13	6.3474
gene-HO397_04365	1002	923.501	10	6.47863
gene-HO397_04370	1719	1672.76	0	0
gene-HO397_04375	969	1041.64	1	0.574385
gene-HO397_04380	1653	1795.79	2	0.666338
gene-HO397_04385	900	834.313	9	6.45407
gene-HO397_04390	696	622.614	2	1.9219
gene-HO397_04395	1659	1811.36	57	18.8274
gene-HO397_04400	951	1039.56	1292	743.587
gene-HO397_04405	1116	1047.79	5	2.85506
gene-HO397_04410	1947	1828.74	37	12.1052
gene-HO397_04415	225	210.89	242	686.561
gene-HO397_04420	321	308.619	43	83.3616
gene-HO397_04425	2277	2341.49	116	29.6406
rna-HO397_04430	136	63.6554	17	159.784
rna-HO397_04435	88	69.3758	86.5	745.982
gene-HO397_04440	219	154.111	14	54.3518
gene-HO397_04445	705	937.703	14	8.93271
gene-HO397_04450	1722	1809.68	28	9.25712
gene-HO397_04455	1767	1887.53	35	11.0942
gene-HO397_04460	966	1037.36	35	20.1864
gene-HO397_04465	495	582.875	26	26.6882
gene-HO397_04470	4029	3752.94	447	71.2616
gene-HO397_04475	612	711.483	15	12.6138
gene-HO397_04480	1344	1421.83	15	6.31196
gene-HO397_04485	1293	1401.64	38	16.2206
gene-HO397_04490	2445	2567.69	14	3.26217
gene-HO397_04495	618	602.931	3	2.97697
gene-HO397_04500	864	763.494	8	6.26909
gene-HO397_04505	627	580.755	0	0
gene-HO397_04510	1149	1146.96	15	7.82465
gene-HO397_04515	1431	1552.78	6	2.31186
gene-HO397_04520	909	937.497	10	6.38191
gene-HO397_04525	591	680.339	2	1.75884
gene-HO397_04530	741	699.65	25	21.3786
gene-HO397_04535	2283	2370.73	114	28.7702
gene-HO397_04540	858	849.497	13	9.15592
gene-HO397_04545	1761	1856.68	14	4.51141
gene-HO397_04550	693	706.041	3	2.54221
gene-HO397_04555	1089	1178.41	21	10.6621
gene-HO397_04560	1284	1276.93	8	3.74837
gene-HO397_04565	765	785.727	3	2.28439
gene-HO397_04570	684	698.381	52	44.5483
gene-HO397_04575	1674	1645.65	1042	378.835
gene-HO397_04580	285	193.157	13	40.2674
gene-HO397_04585	2265	2425.82	21	5.17942
gene-HO397_04590	1749	1939.8	110	33.9279
gene-HO397_04595	987	1029.15	12	6.97626
gene-HO397_04600	1233	1398.04	14	5.99142
gene-HO397_04605	183	148.223	7	28.2555
gene-HO397_04610	747	714.186	12	10.0529
gene-HO397_04615	894	747.134	14	11.2112
gene-HO397_04620	780	763.771	3	2.35006
gene-HO397_04625	786	917.933	12	7.82151
gene-HO397_04630	1323	1311.67	24	10.9473
gene-HO397_04635	705	659.398	18	16.3322
gene-HO397_04640	4461	4918.83	109	13.2582
gene-HO397_04645	1848	2136.8	96	26.8799
gene-HO397_04650	549	692.127	55	47.5442
gene-HO397_04655	648	711.49	24	20.1819
gene-HO397_04660	1191	1253.08	52	24.8281
gene-HO397_04665	1089	1154.64	2055	1064.84
gene-HO397_04670	1401	1466.85	87	35.4857
gene-HO397_04675	1203	1233.31	30	14.5535
gene-HO397_04680	2613	2741.08	75	16.3704
gene-HO397_04685	768	739.686	3	2.42658
gene-HO397_04690	792	793.745	1	0.753771
gene-HO397_04695	1146	1164.7	1	0.513695
gene-HO397_04700	960	913.755	0	0
gene-HO397_04705	576	632.489	1	0.945949
gene-HO397_04710	540	625.721	3	2.86854
gene-HO397_04715	702	750.091	2	1.59528
gene-HO397_04720	2601	2992.23	13	2.59937
gene-HO397_04725	1071	1453.65	16	6.58537
gene-HO397_04730	543	566.352	3	3.16924
gene-HO397_04735	516	495.844	1	1.20663
gene-HO397_04740	738	746.539	9	7.21291
gene-HO397_04745	1011	1017.17	10	5.88205
gene-HO397_04750	543	557.566	94	100.868
gene-HO397_04755	1110	1198.2	61	30.4594
gene-HO397_04760	2109	2247.77	115	30.6102
gene-HO397_04765	1908	1965.4	33	10.0458
gene-HO397_04770	1254	1282.1	36	16.7997
gene-HO397_04775	1641	1749.01	18	6.15744
gene-HO397_04780	564	503.453	7	8.31878
gene-HO397_04785	168	108.255	11	60.7949
gene-HO397_04790	519	473.493	20	25.2718
gene-HO397_04795	1761	1867.86	36	11.5313
gene-HO397_04800	453	446.751	29	38.8377
gene-HO397_04805	1041	1024.99	296	172.78
gene-HO397_04810	510	405.133	20	29.536
gene-HO397_04815	630	616.45	16	15.529
gene-HO397_04820	2163	2397.81	22	5.48945
gene-HO397_04825	447	380.04	2	3.14863
gene-HO397_04830	2055	2139.06	34	9.50991
gene-HO397_04835	459	391.714	31	47.3493
gene-HO397_04840	663	628.848	5	4.75713
gene-HO397_04845	414	367.755	0	0
gene-HO397_04850	318	225.096	27	71.7655
gene-HO397_04855	1191	1269.84	14	6.59631
gene-HO397_04860	279	230.925	11	28.4999
gene-HO397_04865	330	354.226	13	21.9575
gene-HO397_04870	660	589.167	9	9.13954
rna-HO397_04875	88	47.2195	70	886.945
gene-HO397_04880	1119	960.487	5	3.11458
gene-HO397_04885	1794	1747.76	0	0
gene-HO397_04890	708	679.582	2	1.7608
gene-HO397_04895	588	541.755	0	0
gene-HO397_04900	399	566.666	1	1.05583
gene-HO397_04905	858	883.91	3	2.03064
gene-HO397_04910	1545	1560.86	7	2.6832
gene-HO397_04915	1137	1258.77	10	4.75308
gene-HO397_04920	93	51.7112	0	0
gene-HO397_04925	1299	1428.57	4	1.67525
gene-HO397_04930	2181	2169.62	15	4.13645
gene-HO397_04935	447	400.386	9	13.4488
gene-HO397_04940	1140	1229.82	6	2.91896
gene-HO397_04945	2097	2251.3	12	3.18911
gene-HO397_04950	747	783.457	6	4.58201
gene-HO397_04955	645	630.594	9	8.53912
gene-HO397_04960	306	266.14	6	13.4884
gene-HO397_04965	213	195.545	7	21.4177
gene-HO397_04970	213	194.508	15	46.1396
gene-HO397_04975	189	115.72	8	41.362
gene-HO397_04980	231	245.214	6	14.6395
gene-HO397_04985	174	148.867	9	36.1714
gene-HO397_04990	1074	1299.29	14	6.44678
gene-HO397_04995	2745	2546.21	25	5.87445
gene-HO397_05000	1029	894.782	14	9.3612
gene-HO397_05005	693	746.817	13	10.4148
gene-HO397_05010	1173	1246.99	6	2.87878
gene-HO397_05015	2547	2687.57	3	0.667854
gene-HO397_05020	600	591.023	11	11.1355
gene-HO397_05025	306	278.101	8	17.2111
gene-HO397_05030	921	810.956	9	6.63996
gene-HO397_05035	1260	1517.67	2	0.788447
gene-HO397_05040	1242	1274.44	3	1.40838
gene-HO397_05045	228	208.379	1	2.87122
gene-HO397_05050	597	550.755	0	0
gene-HO397_05055	174	140.849	1	4.24782
gene-HO397_05060	1329	1467.58	1	0.40768
gene-HO397_05065	495	448.755	0	0
gene-HO397_05070	591	544.755	0	0
gene-HO397_05075	801	720.887	4	3.31981
gene-HO397_05080	387	340.755	0	0
gene-HO397_05085	693	737.714	7	5.67715
gene-HO397_05090	1092	1045.76	0	0
gene-HO397_05095	639	545.9	7	7.67194
gene-HO397_05100	3963	4171.49	64	9.17929
gene-HO397_05105	210	178.443	1	3.35291
gene-HO397_05110	1509	1492.7	29	11.6237
gene-HO397_05115	303	296.979	9	18.1317
gene-HO397_05120	831	770.751	34	26.3928
gene-HO397_05125	1128	1048.94	25	14.2597
gene-HO397_05130	1272	1232.79	10	4.85325
gene-HO397_05135	789	784.226	27	20.5989
gene-HO397_05140	414	365.032	5	8.19519
gene-HO397_05145	1326	1471.45	43	17.4841
gene-HO397_05150	2019	2423.56	36	8.88729
gene-HO397_05155	2424	2630.43	11	2.50199
gene-HO397_05160	1359	1707.5	26	9.1103
gene-HO397_05165	1163	1256.53	13.9369	6.63609
rna-HO397_05170	88	69.3758	86.5	745.982
gene-HO397_05175	939	1003.11	29	17.2969
gene-HO397_05180	738	777.901	20	15.3825
gene-HO397_05185	555	548.044	13	14.1922
gene-HO397_05190	492	522.751	17	19.4569
gene-HO397_05195	834	781.636	7	5.35814
gene-HO397_05200	417	496.532	9	10.8447
gene-HO397_05205	390	481.899	2	2.4831
gene-HO397_05210	651	713.655	3	2.51509
gene-HO397_05215	456	599.648	11	10.9753
gene-HO397_05220	456	453.494	14	18.4704
gene-HO397_05225	333	301.104	1	1.98703
gene-HO397_05230	312	407.77	3	4.40176
gene-HO397_05235	534	587.682	7	7.1265
gene-HO397_05240	1482	1594.12	16	6.00508
gene-HO397_05245	1158	1377.75	10	4.34261
gene-HO397_05250	1536	1811.28	58	19.1586
gene-HO397_05255	2544	2557.83	113	26.4318
gene-HO397_05260	228	181.926	0	0
gene-HO397_05265	375	328.755	0	0
gene-HO397_05270	1227	1223.01	10	4.89205
gene-HO397_05275	921	990.912	16	9.66063
gene-HO397_05280	1053	1027.98	8	4.65614
gene-HO397_05285	576	754.339	2	1.58629
gene-HO397_05290	567	591.921	1	1.01078
gene-HO397_05295	114	71.2188	0	0
gene-HO397_05300	1119	1133.25	5	2.63977
gene-HO397_05305	255	192.312	15	46.6665
gene-HO397_05310	246	320.251	6	11.2094
gene-HO397_05315	1047	1122.96	11	5.8607
gene-HO397_05320	561	595.586	4	4.01824
gene-HO397_05325	648	635.652	6	5.64745
gene-HO397_05330	1209	1102.4	16	8.6836
gene-HO397_05335	585	695.748	18	15.4789
gene-HO397_05340	648	606.86	4	3.94359
gene-HO397_05345	924	884.318	10	6.76568
gene-HO397_05350	1536	1672.61	22	7.86952
gene-HO397_05355	417	406.78	2	2.94165
gene-HO397_05360	294	191.537	4	12.4948
gene-HO397_05365	660	560.782	3	3.20072
gene-HO397_05370	417	372.436	5	8.03227
gene-HO397_05375	405	411.564	1	1.45373
gene-HO397_05380	696	694.807	1	0.861105
gene-HO397_05385	1206	1246.61	12	5.75934
gene-HO397_05390	756	629.784	1	0.950012
gene-HO397_05395	783	776.575	2	1.54087
gene-HO397_05400	699	652.755	0	0
gene-HO397_05405	1098	1268.57	4	1.88654
gene-HO397_05410	942	1055.76	5	2.83352
gene-HO397_05415	1644	1679.2	7	2.49411
gene-HO397_05420	954	820.099	3	2.18865
gene-HO397_05425	3186	2986.38	106	21.2364
gene-HO397_05430	960	924.91	21	13.5844
gene-HO397_05435	585	541.178	10	11.0555
gene-HO397_05440	522	637.19	49	46.0095
gene-HO397_05445	174	93.7318	13	82.9807
gene-HO397_05450	1071	1168.19	58	29.7054
gene-HO397_05455	954	965.452	63	39.0418
gene-HO397_05460	930	802.806	30	22.3579
gene-HO397_05465	735	765.025	37	28.9365
gene-HO397_05470	237	223.507	109	291.78
gene-HO397_05475	1242	1206.85	347	172.028
gene-HO397_05480	810	836.092	11	7.87153
gene-HO397_05485	1023	1004.27	18	10.7237
gene-HO397_05490	642	531.458	15	16.8866
gene-HO397_05495	1005	952.688	21	13.1883
gene-HO397_05500	798	808.726	18	13.3165
gene-HO397_05505	1434	1408.52	18	7.64595
gene-HO397_05510	2190	2491.58	10	2.4013
gene-HO397_05515	360	366.547	39	63.6584
gene-HO397_05520	378	340.591	23	40.4031
gene-HO397_05525	642	521.611	8	9.17621
gene-HO397_05530	825	836.032	18	12.8816
gene-HO397_05535	1026	1066.51	57	31.9765
gene-HO397_05540	543	574.866	17	17.6931
gene-HO397_05545	1305	1248.8	96	45.9937
gene-HO397_05550	540	578.206	6	6.20853
gene-HO397_05555	633	621.652	9	8.66196
gene-HO397_05560	258	172.456	3	10.4079
gene-HO397_05565	963	916.755	0	0
gene-HO397_05570	3447	3395.16	23	4.05311
gene-HO397_05575	1074	1248.4	7	3.35479
gene-HO397_05580	1200	1483.78	4	1.61291
gene-HO397_05585	702	608.497	2	1.96649
gene-HO397_05590	1245	1353.46	6	2.65233
gene-HO397_05595	429	447.359	3	4.01222
gene-HO397_05600	698	715.678	0.000130654	0.000109226
gene-HO397_05605	492	516.218	3	3.47703
gene-HO397_05610	840	987.639	3	1.81737
gene-HO397_05615	789	851.583	2	1.40515
gene-HO397_05620	461	472.787	5	6.32739
gene-HO397_05625	1047	1197.16	11	5.49747
gene-HO397_05630	795	874.127	20	13.6891
gene-HO397_05635	858	845.049	10	7.08008
gene-HO397_05640	1137	1158.56	31	16.0089
gene-HO397_05645	1227	1235.54	24	11.6219
gene-HO397_05650	1122	1027.95	53	30.8477
gene-HO397_05655	1461	1411.97	81	34.3227
gene-HO397_05660	672	687.512	276	240.187
gene-HO397_05665	1371	1327.38	12	5.40888
gene-HO397_05670	642	613.891	17	16.5683
gene-HO397_05675	1107	1103.67	29	15.7209
gene-HO397_05680	462	428.863	2	2.79017
gene-HO397_05685	654	618.643	1	0.96712
gene-HO397_05690	1251	1278.92	83	38.829
gene-HO397_05695	324	277.819	0	0
gene-HO397_05700	111	68.4128	0	0
gene-HO397_05705	405	367.098	1	1.62982
gene-HO397_05710	732	913.554	25	16.3729
gene-HO397_05715	1212	1578.17	24	9.09867
gene-HO397_05720	237	310.489	17	32.7585
gene-HO397_05725	273	343.47	6	10.4516
gene-HO397_05730	267	276.882	1	2.16086
gene-HO397_05735	249	234.01	3	7.6702
gene-HO397_05740	1524	1778.15	12	4.0377
gene-HO397_05745	219	216.942	1	2.75789
gene-HO397_05750	2648	3261.39	23	4.21936
gene-HO397_05755	336	418.021	3	4.29382
gene-HO397_05760	285	238.844	0	0
gene-HO397_05765	174	144.42	1	4.14278
gene-HO397_05770	186	140.357	0	0
gene-HO397_05775	120	76.7969	0	0
gene-HO397_05780	344	377.628	8	12.6749
gene-HO397_05785	267	268.636	10	22.2719
gene-HO397_05790	813	989.385	36	21.77
gene-HO397_05795	696	675.194	21	18.6085
gene-HO397_05800	369	336.79	2	3.55297
gene-HO397_05805	402	324.999	38	69.9554
gene-HO397_05810	294	304.165	5	9.83516
gene-HO397_05815	660	667.97	13	11.6441
gene-HO397_05820	462	426.905	16	22.4238
gene-HO397_05825	901	1087.82	4	2.19999
gene-HO397_05830	420	434.215	7	9.64525
gene-HO397_05835	1269	1322.79	10	4.52303
gene-HO397_05840	531	448.609	72	96.0251
gene-HO397_05845	1542	1605.48	36	13.4158
gene-HO397_05850	720	811.275	13	9.58729
gene-HO397_05855	1533	1561.86	3	1.14921
gene-HO397_05860	1299	1346.06	55	24.4465
gene-HO397_05865	1071	1055.66	41	23.237
gene-HO397_05870	1737	1764.08	30	10.1748
gene-HO397_05875	915	1018.11	4	2.35065
gene-HO397_05880	612	519.246	6	6.91351
gene-HO397_05885	735	897.84	34	22.6569
gene-HO397_05890	255	208.865	0	0
gene-HO397_05895	441	512.459	2	2.33503
gene-HO397_05900	1698	1581.67	3	1.13481
gene-HO397_05905	1419	1415	16	6.76524
gene-HO397_05910	633	496.47	2	2.41022
gene-HO397_05915	1071	1090.7	14	7.6797
gene-HO397_05920	1929	2212.31	69	18.6605
gene-HO397_05925	2868	3347.59	25	4.46816
gene-HO397_05930	1092	1121.89	19	10.1327
gene-HO397_05935	585	554.309	15	16.1905
gene-HO397_05940	279	315.969	26	49.2323
gene-HO397_05945	1680	1648.77	22	7.98329
gene-HO397_05950	948	809.887	62	45.8024
gene-HO397_05955	852	849.884	29	20.4154
gene-HO397_05960	624	654.212	16	14.6326
gene-HO397_05965	1257	1246.72	71	34.073
gene-HO397_05970	1083	971.689	17	10.4675
gene-HO397_05975	834	849.518	36	25.3542
gene-HO397_05980	393	400.886	12	17.9094
gene-HO397_05985	810	804.733	18	13.3826
gene-HO397_05990	855	982.47	23	14.0065
gene-HO397_05995	108	65.592	0	0
gene-HO397_06000	108	55.7842	1	10.7253
gene-HO397_06005	108	56.1274	1	10.6597
gene-HO397_06010	1101	1081.73	20	11.0619
gene-HO397_06015	231	219.117	2	5.46103
gene-HO397_06020	696	629.247	17	16.164
gene-HO397_06025	354	278.274	18	38.7009
gene-HO397_06030	1395	1469.34	23	9.36538
gene-HO397_06035	651	661.69	15	13.563
gene-HO397_06040	1797	1772.42	23	7.76394
gene-HO397_06045	1392	1454.08	6	2.46878
gene-HO397_06050	3744	3678.99	7	1.13839
gene-HO397_06055	1539	1688.13	13	4.60741
gene-HO397_06060	711	548.76	1	1.09028
gene-HO397_06065	678	631.755	0	0
rna-HO397_06070	132	49.2442	7	85.0479
rna-HO397_06075	85	44.5375	107.902	1449.52
rna-HO397_06080	132	61.3683	38	370.476
rna-HO397_06085	85	44.5375	107.902	1449.52
gene-HO397_06090	843	894.583	10	6.68805
gene-HO397_06095	459	542.485	74	81.614
gene-HO397_06100	906	903.218	68	45.044
gene-HO397_06105	1014	1078.44	7	3.88348
gene-HO397_06110	909	1025.06	10	5.83677
gene-HO397_06115	414	401.538	179	266.715
gene-HO397_06120	618	779.926	3	2.30138
gene-HO397_06125	2676	2679.42	91	20.3199
gene-HO397_06130	648	770.666	19	14.7505
gene-HO397_06135	1632	1810.04	120	39.6656
gene-HO397_06140	921	1095	61	33.3299
gene-HO397_06145	909	774.805	20	15.4439
gene-HO397_06150	1014	1212.4	28	13.8176
gene-HO397_06155	1005	1070.59	22	12.2948
gene-HO397_06160	330	278.933	16	34.3194
gene-HO397_06165	1461	1462.76	47	19.224
gene-HO397_06170	174	162.052	90	332.283
gene-HO397_06175	1254	1404.03	801	341.333
gene-HO397_06180	297	288.609	14	29.0227
gene-HO397_06185	720	639.382	10	9.35751
gene-HO397_06190	399	387.97	6	9.25281
gene-HO397_06195	540	484.919	6	7.40291
gene-HO397_06200	744	721.087	3	2.48917
gene-HO397_06205	90	48.9759	0	0
gene-HO397_06210	639	501.839	1	1.19222
gene-HO397_06215	507	543.746	12	13.204
gene-HO397_06220	501	454.755	0	0
gene-HO397_06225	180	134.481	0	0
gene-HO397_06230	807	788.835	7	5.30924
gene-HO397_06235	1194	1267.64	5	2.3599
gene-HO397_06240	1359	1500.68	10	3.98688
gene-HO397_06245	1596	1373.52	7	3.04919
gene-HO397_06250	1563	1450.53	2	0.824945
gene-HO397_06255	45	10.3444	0	0
gene-HO397_06260	882	882.561	4	2.71166
gene-HO397_06265	621	754.097	18	14.2812
gene-HO397_06270	381	339.327	10	17.632
gene-HO397_06275	698	711.903	0.00979694	0.0082336
gene-HO397_06280	1524	1832.64	11	3.59117
gene-HO397_06285	876	728.284	21	17.252
gene-HO397_06290	591	529.184	2	2.26122
gene-HO397_06295	759	784.816	8	6.09877
gene-HO397_06300	1050	1020.39	21	12.3132
gene-HO397_06305	252	228.634	7	18.318
gene-HO397_06310	2598	2828.32	49	10.3654
gene-HO397_06315	975	1037.94	26	14.9872
gene-HO397_06320	165	103.537	5	28.893
gene-HO397_06325	168	119.283	2	10.0316
gene-HO397_06330	96	54.5164	14	153.646
gene-HO397_06335	2676	2830.57	27	5.70704
gene-HO397_06340	591	567.724	20	21.0772
gene-HO397_06345	765	697.181	40	34.3269
gene-HO397_06350	309	263.571	19	43.1297
gene-HO397_06355	1170	1205.8	26	12.9009
gene-HO397_06360	738	856.884	5	3.49115
gene-HO397_06365	327	266.465	4	8.98133
gene-HO397_06370	219	172.997	0	0
gene-HO397_06375	750	961.713	21	13.0645
gene-HO397_06380	174	175.393	27	92.1027
gene-HO397_06385	1986	2345.29	36	9.18388
gene-HO397_06390	105	63.3759	1	9.44053
gene-HO397_06395	1935	1851.85	40	12.9233
gene-HO397_06400	1128	1083.56	5	2.76081
gene-HO397_06405	789	718.719	30	24.9737
gene-HO397_06410	354	283.409	11	23.222
gene-HO397_06415	807	721.467	14	11.61
gene-HO397_06420	993	957.097	2	1.25024
gene-HO397_06425	891	757.796	8	6.31624
gene-HO397_06430	966	939.501	14	8.91561
gene-HO397_06435	1644	1647.73	77	27.9593
gene-HO397_06440	246	226.708	1	2.63908
gene-HO397_06445	1386	1647.73	3	1.08932
gene-HO397_06450	165	155.719	2	7.68438
gene-HO397_06455	1419	1425.25	45	18.8904
gene-HO397_06460	765	755.955	42	33.241
gene-HO397_06465	558	474.837	15	18.9002
gene-HO397_06470	1488	1511.21	3	1.18773
gene-HO397_06475	1281	1307.43	7	3.20331
gene-HO397_06480	1266	1244.84	2	0.961248
gene-HO397_06485	978	948.308	22	13.8801
gene-HO397_06490	669	579.173	31	32.0239
gene-HO397_06495	225	171.361	3	10.4744
gene-HO397_06500	360	301.988	12	23.7745
gene-HO397_06505	222	175.98	0	0
gene-HO397_06510	315	222.985	3	8.04943
gene-HO397_06515	1680	2069.39	9	2.60208
gene-HO397_06520	1293	1267.24	4	1.88851
gene-HO397_06525	882	819.591	4	2.92
gene-HO397_06530	843	829.924	2	1.44182
gene-HO397_06535	1053	1212.22	2	0.987119
gene-HO397_06540	789	742.755	0	0
gene-HO397_06545	1056	986.435	35	21.2285
gene-HO397_06550	2268	2272.57	8	2.10617
gene-HO397_06555	660	613.755	0	0
gene-HO397_06560	1083	1279.4	1	0.467642
gene-HO397_06565	906	995.643	22	13.2202
gene-HO397_06570	999	1051.63	13	7.39603
gene-HO397_06575	1398	1412.64	11	4.65889
gene-HO397_06580	1062	1069.45	9	5.03504
gene-HO397_06585	1542	1632.61	184	67.4303
gene-HO397_06590	507	504.255	481	570.71
gene-HO397_06595	966	1131.26	25	13.2221
gene-HO397_06600	729	638.808	30	28.0978
gene-HO397_06605	138	93.9312	0	0
gene-HO397_06610	66	27.4668	1	21.7827
gene-HO397_06615	921	1028.54	4	2.32679
gene-HO397_06620	900	1007.53	22	13.0642
gene-HO397_06625	1614	1761.82	76	25.809
gene-HO397_06630	1032	1172.69	26	13.2651
gene-HO397_06635	258	283.173	30	63.3854
gene-HO397_06640	951	882.802	42	28.4647
gene-HO397_06645	753	748.971	124	99.0551
gene-HO397_06650	516	640.289	8	7.4754
gene-HO397_06655	1527	1442.76	7	2.90286
gene-HO397_06660	1446	1531.39	7	2.73484
gene-HO397_06665	1311	1227.24	2	0.975035
gene-HO397_06670	909	1115.51	5	2.68175
gene-HO397_06675	564	595.066	4	4.02175
gene-HO397_06680	1233	1237.65	20	9.66834
gene-HO397_06685	984	964.259	22	13.6505
gene-HO397_06690	1374	1333.86	7	3.13985
gene-HO397_06695	936	862.322	13	9.01975
gene-HO397_06700	1236	1563.68	14	5.35673
gene-HO397_06705	216	169.997	0	0
gene-HO397_06710	210	164.014	0	0
gene-HO397_06715	195	149.228	0	0
gene-HO397_06720	810	1065.79	3	1.68411
gene-HO397_06725	1100	1068.63	1	0.559875
gene-HO397_06730	276	229.844	0	0
gene-HO397_06735	171	125.769	0	0
gene-HO397_06740	222	229.674	1	2.605
gene-HO397_06745	489	505.977	11	13.0072
gene-HO397_06750	156	136.91	3	13.1101
gene-HO397_06755	213	220.325	1	2.71555
gene-HO397_06760	345	298.819	0	0
gene-HO397_06765	273	269.936	1	2.21646
gene-HO397_06770	534	452.429	1	1.32242
gene-HO397_06775	186	140.357	0	0
gene-HO397_06780	1458	1677.52	12	4.27991
gene-HO397_06785	396	382.445	1	1.56441
gene-HO397_06790	714	859.517	3	2.08827
gene-HO397_06795	279	232.844	0	0
gene-HO397_06800	294	368.167	5.9458	9.66241
gene-HO397_06805	111	61.8828	2.8006	27.077
gene-HO397_06810	591	618.588	21.0295	20.3398
gene-HO397_06815	234	212.952	2.5	7.02389
gene-HO397_06820	114	128.772	8.5	39.4927
gene-HO397_06825	174	155.497	10	38.4767
gene-HO397_06830	435	499.905	31	37.1018
gene-HO397_06835	1134	1269.94	5	2.35562
gene-HO397_06840	3525	4028.16	15	2.22794
gene-HO397_06845	267	266.544	25	56.1167
gene-HO397_06850	423	365.773	22	35.9858
gene-HO397_06855	990	1083.74	380	209.787
gene-HO397_06860	2640	2691.96	43	9.55698
gene-HO397_06865	186	164.655	5	18.1683
gene-HO397_06870	327	345.492	4	6.92696
gene-HO397_06875	906	1003.08	7	4.17523
gene-HO397_06880	1500	1643.15	16	5.82591
gene-HO397_06885	1953	2155.25	3	0.832805
gene-HO397_06890	1163	1256.53	13.9369	6.63609
gene-HO397_06895	522	503.891	12	14.2484
gene-HO397_06900	2307	2661.28	80	17.9854
gene-HO397_06905	606	527.65	2	2.2678
gene-HO397_06910	897	967.791	22	13.6007
gene-HO397_06915	1758	1705.2	18	6.31563
gene-HO397_06920	1317	1367.02	15	6.56501
gene-HO397_06925	606	573.619	8	8.34425
gene-HO397_06930	3903	4057.92	60	8.84644
gene-HO397_06935	801	934.338	11	7.04384
gene-HO397_06940	1440	1805.97	8	2.65033
gene-HO397_06945	1002	1095.98	2	1.09182
gene-HO397_06950	698	711.903	0.00979694	0.0082336
gene-HO397_06955	531	548.601	77	83.9759
gene-HO397_06960	174	133.022	8	35.9822
gene-HO397_06965	150	113.889	8	42.0272
gene-HO397_06970	1641	1667.83	14	5.02223
gene-HO397_06975	924	895.102	52	34.7577
gene-HO397_06980	1344	1425.97	13	5.45449
gene-HO397_06985	1656	1777.08	60	20.2006
gene-HO397_06990	225	193.036	1	3.09943
gene-HO397_06995	540	633.119	7	6.61505
gene-HO397_07000	981	1219.83	6	2.94288
gene-HO397_07005	993	997.38	9	5.39886
gene-HO397_07010	594	658.737	11	9.99082
gene-HO397_07015	669	684.26	14	12.2413
gene-HO397_07020	507	518.122	5	5.77375
gene-HO397_07025	1209	1243.8	47	22.6082
gene-HO397_07030	1215	1286.8	5	2.32477
gene-HO397_07035	537	511.327	7	8.19067
gene-HO397_07040	1962	2056.3	37	10.7655
gene-HO397_07045	231	185.901	18	57.9309
gene-HO397_07050	177	145.877	38	155.853
gene-HO397_07055	417	380.917	10	15.7069
gene-HO397_07060	1407	1445.99	23	9.51663
gene-HO397_07065	1146	1099.76	0	0
gene-HO397_07070	1014	997.828	2	1.19921
gene-HO397_07075	942	1009.16	2	1.18574
gene-HO397_07080	795	674.013	1	0.887671
gene-HO397_07085	1425	1643.68	9	3.27601
gene-HO397_07090	96	49.6414	3	36.1575
gene-HO397_07095	174	136.595	1	4.38013
gene-HO397_07100	234	160.347	19	70.8948
gene-HO397_07105	450	359.1	25	41.6529
gene-HO397_07110	519	599.02	6	5.99281
gene-HO397_07115	1038	950.275	4	2.51844
gene-HO397_07120	666	778.68	54	41.4911
gene-HO397_07125	2103	2374.41	10	2.51979
gene-HO397_07130	1062	1326.09	8	3.60943
gene-HO397_07135	1500	1655.99	12	4.33554
gene-HO397_07140	618	571.755	0	0
gene-HO397_07145	213	167.014	0	0
gene-HO397_07150	357	345.544	0	0
gene-HO397_07155	3651	3578.15	5.92034	0.98994
gene-HO397_07160	483	626.838	3	2.86343
gene-HO397_07165	186	150.069	2	7.9737
gene-HO397_07170	1127	1080.76	0	0
gene-HO397_07175	774	881.985	0.341005	0.231324
gene-HO397_07180	228	241.589	1	2.47652
gene-HO397_07185	570	523.755	0	0
gene-HO397_07190	846	1175.07	1	0.509161
gene-HO397_07195	894	911.694	3	1.96876
gene-HO397_07200	681	599.943	3	2.99179
gene-HO397_07205	696	649.755	0	0
gene-HO397_07210	1545	1523.74	1	0.392653
gene-HO397_07215	3741	3898.97	10	1.53451
gene-HO397_07220	1389	1509	3	1.18947
gene-HO397_07225	1331	1614.17	1	0.370655
gene-HO397_07230	291	244.844	0	0
gene-HO397_07235	882	1095.98	2	1.09181
gene-HO397_07240	3048	3505.31	3	0.512053
gene-HO397_07245	885	838.755	0	0
gene-HO397_07250	654	607.755	0	0
gene-HO397_07255	285	226.811	8	21.1031
gene-HO397_07260	1011	988.786	2	1.21017
gene-HO397_07265	1698	1662.62	48	17.273
gene-HO397_07270	138	93.9312	0	0
gene-HO397_07275	216	169.997	0	0
gene-HO397_07280	432	469.448	5	6.3724
gene-HO397_07285	927	845.276	4	2.83127
gene-HO397_07290	987	940.755	0	0
gene-HO397_07295	897	884.863	1	0.676152
gene-HO397_07300	1023	1004.22	10	5.95787
gene-HO397_07305	1551	1544.02	16	6.19995
gene-HO397_07310	582	501.266	1	1.19358
gene-HO397_07315	2400	2731.9	6	1.31403
gene-HO397_07320	1383	1772.28	21	7.08938
gene-HO397_07325	1320	1551.93	34	13.1077
gene-HO397_07330	1536	1757.11	3	1.02151
gene-HO397_07335	1401	1608.92	4.4622	1.65934
gene-HO397_07340	2796	3190.57	34	6.37576
gene-HO397_07345	2373	2791.28	19	4.07259
gene-HO397_07350	1686	1943.07	9	2.77125
gene-HO397_07355	123	105.485	2	11.3438
gene-HO397_07360	1158	1412.94	28	11.8564
gene-HO397_07365	1683	2125.14	24	6.75685
gene-HO397_07370	762	833.987	7	5.0218
gene-HO397_07375	198	152.123	0	0
gene-HO397_07380	2280	2624.33	33	7.52344
gene-HO397_07385	915	1026.12	11	6.41381
gene-HO397_07390	504	440.761	3	4.07229
gene-HO397_07395	531	514.141	7	8.14584
gene-HO397_07400	1149	1520.81	30	11.8023
gene-HO397_07405	1134	1464.43	6.34323	2.59157
gene-HO397_07410	351	320.544	2.65677	4.95891
gene-HO397_07415	711	858.149	9	6.2748
gene-HO397_07420	483	497.418	7	8.4197
gene-HO397_07425	1323	1578.86	9	3.41051
gene-HO397_07430	267	323.244	13	24.0621
gene-HO397_07435	1581	1601.29	3	1.12091
gene-HO397_07440	777	595.844	7	7.02887
gene-HO397_07445	1023	1347.66	2	0.887913
gene-HO397_07450	876	925.476	4	2.58592
gene-HO397_07455	291	244.844	0	0
gene-HO397_07460	759	676.506	3	2.6532
gene-HO397_07465	915	854.981	5	3.49892
gene-HO397_07470	1452	1254.16	8	3.81644
gene-HO397_07475	1419	1670.88	9	3.22268
gene-HO397_07480	360	404.158	2	2.96073
gene-HO397_07485	927	949.62	23	14.491
gene-HO397_07490	1389	1502.79	41	16.3232
gene-HO397_07495	882	935.004	23	14.7175
gene-HO397_07500	1116	1347.29	8	3.55261
gene-HO397_07505	1191	1240.77	6	2.89321
gene-HO397_07510	666	521.102	13	14.9259
gene-HO397_07515	285	241.767	8	19.7976
gene-HO397_07520	321	241.251	30	74.3999
gene-HO397_07525	435	382.373	19	29.7294
gene-HO397_07530	384	379.155	13	20.5138
gene-HO397_07535	219	200.318	1	2.98677
gene-HO397_07540	900	957.847	23	14.3665
gene-HO397_07545	1188	1087.79	8	4.40014
gene-HO397_07550	96	69.9643	37	316.407
gene-HO397_07555	891	1218.61	11	5.40066
gene-HO397_07560	393	346.755	0	0
gene-HO397_07565	519	485.924	19	23.394
gene-HO397_07570	2046	2119.55	21	5.92784
gene-HO397_07575	747	699.687	31	26.5081
gene-HO397_07580	687	803.703	20	14.8886
gene-HO397_07585	204	116.933	7	35.8165
gene-HO397_07590	1461	1496.41	4	1.5993
gene-HO397_07595	1284	1597.68	11	4.1193
gene-HO397_07600	114	128.772	8.5	39.4927
gene-HO397_07605	234	212.952	2.5	7.02389
gene-HO397_07610	591	619.575	17.9705	17.3535
gene-HO397_07615	111	47.1865	3.1994	40.5668
gene-HO397_07620	294	336.331	6.0542	10.7699
gene-HO397_07625	705	841.147	11	7.82423
gene-HO397_07630	282	315.843	3	5.68291
gene-HO397_07635	1254	1530.9	52	20.3225
gene-HO397_07640	162	117.098	0	0
gene-HO397_07645	177	131.615	0	0
gene-HO397_07650	1163	1255.52	1.04151e-07	4.96317e-08
gene-HO397_07655	147	102.534	0	0
gene-HO397_07660	525	742.15	5	4.03087
gene-HO397_07665	378	283.249	17	35.9088
gene-HO397_07670	651	645.454	4	3.70779
gene-HO397_07675	279	261.809	2	4.57051
gene-HO397_07680	252	272.194	1	2.19807
gene-HO397_07685	213	191.564	455	1421.08
gene-HO397_07690	122	134.728	27	119.902
gene-HO397_07695	297	263.692	2	4.53788
gene-HO397_07700	966	1014.68	8	4.71715
gene-HO397_07705	522	619.712	4	3.86181
gene-HO397_07710	228	181.926	0	0
gene-HO397_07715	408	432.03	49	67.8582
gene-HO397_07720	153	137.525	1	4.35048
gene-HO397_07725	366	393.247	5	7.6072
gene-HO397_07730	201	178.436	1	3.35304
gene-HO397_07735	189	143.286	0	0
gene-HO397_07740	192	156.746	4	15.268
gene-HO397_07745	498	473.548	1	1.26345
gene-HO397_07750	195	149.228	0	0
gene-HO397_07755	1280	1591.31	20	7.51962
gene-HO397_07760	105	62.8044	0	0
gene-HO397_07765	1020	1191.38	12	6.02628
gene-HO397_07770	1215	1378.92	6	2.60336
gene-HO397_07775	327	377.423	11	17.4375
gene-HO397_07780	342	353.189	12	20.328
gene-HO397_07785	561	611.827	42	41.0715
gene-HO397_07790	711	825.801	55	39.8481
gene-HO397_07795	306	224.117	2	5.33919
gene-HO397_07800	2427	2625.59	5	1.13937
gene-HO397_07805	2424	2564.94	7	1.63283
gene-HO397_07810	618	571.755	0	0
gene-HO397_07815	855	964.468	12	7.44413
gene-HO397_07820	615	585.436	5	5.10989
gene-HO397_07825	1293	1380.76	5	2.16657
gene-HO397_07830	696	638.864	4	3.74604
gene-HO397_07835	1221	1243.22	28	13.4751
gene-HO397_07840	894	718.586	7	5.82827
gene-HO397_07845	1254	1447.3	12	4.9607
gene-HO397_07850	336	298.202	1	2.00637
gene-HO397_07855	84	46.0819	3	38.9503
gene-HO397_07860	822	764.173	59	46.1935
gene-HO397_07865	330	376.225	11	17.4931
gene-HO397_07870	366	451.025	17	22.5511
gene-HO397_07875	1035	1056.88	14	7.9254
gene-HO397_07880	1389	1371.15	50	21.8175
gene-HO397_07885	1533	1617.28	41	15.1677
gene-HO397_07890	945	927.465	8	5.16075
gene-HO397_07895	1383	1446.31	9	3.72307
gene-HO397_07900	723	675.137	22	19.4962
gene-HO397_07905	336	359.869	14	23.2758
gene-HO397_07910	720	879.344	55	37.4218
gene-HO397_07915	1302	1192.02	27	13.5519
gene-HO397_07920	930	911.673	13	8.53149
gene-HO397_07925	1404	1443.82	8	3.31511
gene-HO397_07930	1647	1748.93	18	6.15773
gene-HO397_07935	1176	1301.83	5	2.29793
gene-HO397_07940	1509	1420	21	8.84811
gene-HO397_07945	1266	1504.1	16	6.36449
gene-HO397_07950	1374	1307.18	3	1.37312
gene-HO397_07955	1812	1950.33	7	2.14739
gene-HO397_07960	591	546.173	7	7.66811
gene-HO397_07965	768	769.132	12	9.33471
gene-HO397_07970	1029	1086.77	1	0.550531
gene-HO397_07975	1593	1780.12	56	18.8217
gene-HO397_07980	1173	1261.85	14	6.63804
gene-HO397_07985	1002	910.989	11	7.22437
gene-HO397_07990	1041	1386.87	10	4.31404
gene-HO397_07995	126	149.271	148	593.207
gene-HO397_08000	216	180.564	35	115.973
gene-HO397_08005	441	423.653	36	50.8408
gene-HO397_08010	582	651.297	19	17.454
gene-HO397_08015	579	643.149	18	16.7449
gene-HO397_08020	2223	2336.12	37	9.47604
gene-HO397_08025	1059	1051.39	10	5.69058
gene-HO397_08030	621	590.387	3	3.04022
gene-HO397_08035	696	595.694	13	13.0569
gene-HO397_08040	636	583.909	23	23.567
gene-HO397_08045	1503	1397.81	15	6.42041
gene-HO397_08050	606	545.296	27	29.6245
gene-HO397_08055	861	811.359	25	18.4352
gene-HO397_08060	1275	1180.38	27	13.6856
gene-HO397_08065	657	866.59	16	11.0466
gene-HO397_08070	330	314.927	5	9.49905
gene-HO397_08075	1110	1222.04	15	7.34392
gene-HO397_08080	468	418.524	142	202.997
gene-HO397_08085	435	407.982	111	162.781
gene-HO397_08090	237	209.507	12	34.2692
gene-HO397_08095	858	947.315	3	1.89473
gene-HO397_08100	2013	2063.97	31	8.98626
gene-HO397_08105	522	444.181	1	1.34698
gene-HO397_08110	897	992.863	8	4.82082
gene-HO397_08115	240	228.351	3	7.8603
gene-HO397_08120	600	632.77	21	19.8561
gene-HO397_08125	1098	1142.79	13	6.80611
gene-HO397_08130	408	397.291	7	10.5417
gene-HO397_08135	648	584.271	11	11.2642
gene-HO397_08140	4617	4723.07	10	1.26676
gene-HO397_08145	348	240.074	22	54.8275
gene-HO397_08150	153	120.629	1	4.95987
gene-HO397_08155	816	1015.85	16	9.42349
gene-HO397_08160	582	670.869	81	72.2384
gene-HO397_08165	1170	1152.58	9	4.67188
gene-HO397_08170	90	48.9759	17	207.676
gene-HO397_08175	1026	941.707	45	28.5902
gene-HO397_08180	933	831.009	17	12.2395
gene-HO397_08185	1212	1182.86	29	14.6684
gene-HO397_08190	1149	1319.5	103	46.7035
gene-HO397_08195	642	769.777	29	22.54
gene-HO397_08200	1374	1470.06	37	15.0587
gene-HO397_08205	1257	1241	36	17.3561
rna-HO397_08210	77	37.2239	73.7374	1185.19
rna-HO397_08215	77	37.2239	126.263	2029.43
gene-HO397_08220	306	228.294	12	31.449
gene-HO397_08225	1605	1832.01	16	5.22532
gene-HO397_08230	813	967.178	5	3.09303
gene-HO397_08235	786	902.164	2	1.32637
gene-HO397_08240	669	772.425	1	0.774576
gene-HO397_08245	639	636.416	1	0.940112
gene-HO397_08250	2103	2731.98	15	3.28499
gene-HO397_08255	627	597.016	3	3.00646
gene-HO397_08260	210	153.023	4	15.6396
gene-HO397_08265	1413	1357.06	74	32.6252
gene-HO397_08270	237	176.462	321	1088.37
gene-HO397_08275	1005	1069.46	12	6.71334
gene-HO397_08280	417	397.646	1	1.50461
gene-HO397_08285	1221	1232.29	9	4.36969
gene-HO397_08290	1272	1345.72	2	0.88919
gene-HO397_08295	747	740.579	7	5.65519
gene-HO397_08300	1011	1072.8	2	1.1154
gene-HO397_08305	189	209.171	6	17.1621
gene-HO397_08310	411	330.361	1	1.81106
gene-HO397_08315	3057	2992.94	19	3.79819
gene-HO397_08320	1113	1093.27	7	3.83082
rna-HO397_08325	108	65.7281	89	810.138
gene-HO397_08330	357	338.175	4	7.07683
gene-HO397_08335	1154	1207.31	8	3.96453
gene-HO397_08340	1266	1652.04	4	1.44864
gene-HO397_08345	867	950.579	5	3.14704
gene-HO397_08350	759	734.971	7	5.69834
gene-HO397_08355	1596	1816.64	4	1.31738
gene-HO397_08360	1152	1105.76	0	0
gene-HO397_08365	912	1175.55	9	4.58059
gene-HO397_08370	765	785.664	6	4.56914
gene-HO397_08375	939	838.846	6	4.27947
gene-HO397_08380	1290	1115.14	3	1.60958
gene-HO397_08385	294	212.719	2	5.62528
gene-HO397_08390	1647	1842	5	1.62406
gene-HO397_08395	2379	2483.77	89	21.4387
gene-HO397_08400	834	830.274	7	5.04425
gene-HO397_08405	1047	961.182	23	14.3167
gene-HO397_08410	192	183.891	17	55.3107
gene-HO397_08415	1437	1362.84	9	3.95111
gene-HO397_08420	713	832.464	4	2.87485
gene-HO397_08425	465	581.316	25	25.7305
gene-HO397_08430	750	788.622	16	12.1387
gene-HO397_08435	552	473.621	2	2.5265
gene-HO397_08440	981	1005.75	9	5.35393
gene-HO397_08445	300	254.337	17	39.9907
gene-HO397_08450	2388	2402.58	39	9.71196
gene-HO397_08455	984	934.536	20	12.8043
gene-HO397_08460	45	10.3444	9	520.543
gene-HO397_08465	357	393.645	77	117.033
gene-HO397_08470	198	228.414	27	70.7232
gene-HO397_08475	543	517.635	136	157.194
gene-HO397_08480	1929	2127.71	313	88.014
gene-HO397_08485	1900	2681.59	13	2.90049
gene-HO397_08490	108	65.592	0	0
gene-HO397_08495	759	883.777	16	10.8317
gene-HO397_08500	930	932.606	3	1.92461
gene-HO397_08505	291	244.844	0	0
gene-HO397_08510	861	897.233	22	14.6703
gene-HO397_08515	537	598.578	9	8.99584
gene-HO397_08520	669	616.236	6	5.82538
gene-HO397_08525	591	624.805	6	5.74549
gene-HO397_08530	1392	1345.65	22	9.78164
gene-HO397_08535	795	1048.68	1	0.570528
gene-HO397_08540	264	253.196	2	4.72599
gene-HO397_08545	2262	2399.53	4	0.997365
gene-HO397_08550	750	780.175	9	6.90193
gene-HO397_08555	1353	1599.17	2	0.748267
gene-HO397_08560	840	1020.11	5	2.93255
gene-HO397_08565	351	304.819	0	0
gene-HO397_08570	1359	1334.18	5	2.24221
gene-HO397_08575	321	274.819	0	0
gene-HO397_08580	339	278.926	9	19.3052
gene-HO397_08585	828	915.013	4	2.61549
gene-HO397_08590	888	880.249	6	4.07818
gene-HO397_08595	576	662.918	6	5.41517
gene-HO397_08600	486	470.86	7	8.8946
gene-HO397_08605	969	1048.05	4	2.28348
gene-HO397_08610	1344	1381.85	3	1.29892
gene-HO397_08615	1479	1387.77	11	4.74239
gene-HO397_08620	1035	1170.6	9	4.59996
gene-HO397_08625	1221	1219.35	2	0.981344
gene-HO397_08630	807	838.631	20	14.2685
gene-HO397_08635	711	837.145	3	2.14408
gene-HO397_08640	618	571.755	0	0
gene-HO397_08645	708	672.23	5	4.45013
gene-HO397_08650	549	504.55	4	4.74325
gene-HO397_08655	1167	1018.99	3	1.76146
gene-HO397_08660	1536	1518.64	6	2.36383
gene-HO397_08665	654	609.948	2	1.96181
gene-HO397_08670	1308	1457.95	2	0.820744
gene-HO397_08675	621	634.909	9	8.48109
gene-HO397_08680	408	319.559	2	3.74455
gene-HO397_08685	273	252.878	3	7.09792
gene-HO397_08690	1344	1227.4	35	17.0609
gene-HO397_08695	1041	1107.59	33	17.8261
gene-HO397_08700	1962	2329.74	11	2.82492
gene-HO397_08705	1044	963.654	16	9.93389
gene-HO397_08710	552	457.75	7	9.14934
gene-HO397_08715	1857	1996.07	26	7.79324
gene-HO397_08720	1017	1160.84	10	5.15403
gene-HO397_08725	642	663.961	5	4.50555
gene-HO397_08730	1359	1574.94	14	5.31844
gene-HO397_08735	759	775.025	47	36.283
gene-HO397_08740	981	1055.19	3	1.70103
gene-HO397_08745	948	1014.37	1	0.589826
gene-HO397_08750	837	1040.38	6	3.45047
gene-HO397_08755	1044	1171.51	5	2.55356
gene-HO397_08760	1380	1333.76	0	0
gene-HO397_08765	1077	1184.53	6	3.03059
gene-HO397_08770	273	204.335	7	20.4963
gene-HO397_08775	414	510.136	25	29.3207
gene-HO397_08780	996	865.676	73	50.4531
gene-HO397_08785	885	781.131	3	2.29783
gene-HO397_08790	855	874.039	8	5.4762
gene-HO397_08795	747	832.282	15	10.783
gene-HO397_08800	1935	2174.11	9	2.47674
gene-HO397_08805	1284	1384.8	1	0.432051
gene-HO397_08810	1476	1655.99	7	2.52906
gene-HO397_08815	1491	1671.38	44	15.7506
gene-HO397_08820	504	484.587	7	8.64264
gene-HO397_08825	105	57.5962	3	31.1636
gene-HO397_08830	447	388.333	3	4.62208
gene-HO397_08835	822	804.373	13	9.66955
gene-HO397_08840	1182	1250.41	13	6.22029
gene-HO397_08845	348	367.599	19	30.9243
gene-HO397_08850	255	216.581	5	13.8125
gene-HO397_08855	1026	973.843	67	41.1629
gene-HO397_08860	99	107.37	1	5.57235
gene-HO397_08865	75	35.4246	0	0
gene-HO397_08870	249	227.117	3	7.90301
gene-HO397_08875	183	137.413	0	0
gene-HO397_08880	249	202.886	0	0
gene-HO397_08885	1113	1162.53	67	34.4818
gene-HO397_08890	183	151.71	16	63.0997
gene-HO397_08895	639	641.155	18	16.7969
gene-HO397_08900	924	1011.12	55	32.5446
gene-HO397_08905	1086	990.816	4	2.41539
gene-HO397_08910	1482	1580.74	5	1.89247
gene-HO397_08915	1125	1356.39	1	0.4411
gene-HO397_08920	966	871.875	2	1.37245
gene-HO397_08925	1116	1428.75	6	2.51256
gene-HO397_08930	1686	1749.17	21	7.18303
gene-HO397_08935	582	600.555	6	5.9775
gene-HO397_08940	696	698.395	16	13.7069
gene-HO397_08945	1911	1807.34	16	5.29664
gene-HO397_08950	345	304.721	16	31.4151
gene-HO397_08955	360	331.129	32	57.8193
gene-HO397_08960	180	102.274	25	146.25
gene-HO397_08965	1362	1718.85	45	15.6637
gene-HO397_08970	579	606.339	25	24.6686
gene-HO397_08975	1365	1370.39	26	11.3514
gene-HO397_08980	1599	1661.78	12	4.32044
gene-HO397_08985	1557	1708.5	24	8.40461
gene-HO397_08990	972	1109.74	19	10.2436
gene-HO397_08995	801	759.892	23	18.1091
gene-HO397_09000	852	717.577	18	15.0081
gene-HO397_09005	459	570.42	4	4.19552
gene-HO397_09010	567	525.133	5	5.69667
gene-HO397_09015	810	960.829	10	6.22693
gene-HO397_09020	210	211.385	21	59.4383
gene-HO397_09025	144	114.422	8	41.8312
gene-HO397_09030	288	271.809	65	143.077
gene-HO397_09035	144	81.1528	15	110.588
gene-HO397_09040	240	193.926	0	0
gene-HO397_09045	792	883.727	33	22.3417
gene-HO397_09050	1374	1540.82	3	1.16491
gene-HO397_09055	882	971.824	24	14.7756
gene-HO397_09060	2049	2280.21	82	21.5159
gene-HO397_09065	699	724.558	140	115.605
gene-HO397_09070	498	523.41	18	20.5755
gene-HO397_09075	1284	1530.88	49	19.1503
gene-HO397_09080	2634	2710.17	27	5.96056
gene-HO397_09085	1440	1526.16	7	2.74422
gene-HO397_09090	237	192.096	8	24.9168
gene-HO397_09095	192	180.847	75	248.126
gene-HO397_09100	657	614.408	10	9.73786
gene-HO397_09105	342	363.905	11	18.0853
gene-HO397_09110	873	1012.08	20	11.8232
gene-HO397_09115	375	386.47	12	18.5774
gene-HO397_09120	231	184.88	115	372.159
gene-HO397_09125	657	602.921	9	8.93104
gene-HO397_09130	663	616.108	22	21.3642
gene-HO397_09135	2061	2323.79	14	3.60456
gene-HO397_09140	660	722.799	9	7.44981
gene-HO397_09145	357	342.902	10	17.4482
gene-HO397_09150	291	323.121	18	33.3294
gene-HO397_09155	1179	1354.11	8	3.53472
gene-HO397_09160	642	542.723	6	6.61445
gene-HO397_09165	1812	1781.98	15	5.03626
gene-HO397_09170	1476	1729.11	20	6.92033
gene-HO397_09175	870	853.138	46	32.2596
gene-HO397_09180	1443	1405.63	14	5.95907
gene-HO397_09185	972	948.891	27	17.0242
gene-HO397_09190	1323	1646.93	21	7.62892
gene-HO397_09195	933	1234.4	20	9.6938
gene-HO397_09200	756	838.06	25	17.8478
gene-HO397_09205	786	849.988	21	14.7818
gene-HO397_09210	1011	997.594	51	30.587
gene-HO397_09215	612	591.938	15	15.1613
gene-HO397_09220	66	27.4668	4	87.1308
gene-HO397_09225	603	690.154	4	3.46764
gene-HO397_09230	522	505.666	13	15.3815
gene-HO397_09235	741	766.011	36	28.1182
gene-HO397_09240	453	536.531	36	40.1447
gene-HO397_09245	1773	1761.1	113	38.3896
gene-HO397_09250	567	484.958	8	9.86976
gene-HO397_09255	819	1019.64	12	7.04131
gene-HO397_09260	396	299.959	8	15.9569
gene-HO397_09265	744	826.452	24	17.3746
gene-HO397_09270	972	936.547	12	7.66606
gene-HO397_09275	2430	2564.43	16	3.73292
gene-HO397_09280	1101	1070.72	1	0.558785
gene-HO397_09285	747	648.919	75	69.1498
gene-HO397_09290	567	505.348	5	5.9197
gene-HO397_09295	1734	2013.56	69	20.5024
gene-HO397_09300	489	546.496	11	12.0428
gene-HO397_09305	393	321.499	5	9.30487
gene-HO397_09310	2079	2255.18	9	2.38771
gene-HO397_09315	1149	1253.07	1	0.477467
gene-HO397_09320	645	598.755	0	0
gene-HO397_09325	390	384.149	1	1.55747
gene-HO397_09330	1050	1054.59	1	0.567333
gene-HO397_09335	861	766.584	1	0.780478
gene-HO397_09340	1602	1610.17	5	1.85789
gene-HO397_09345	1662	1616.89	2	0.740066
gene-HO397_09350	504	457.755	0	0
gene-HO397_09355	1965	1935.71	2	0.618175
gene-HO397_09360	927	880.755	0	0
gene-HO397_09365	888	918.043	1	0.651714
gene-HO397_09370	579	544.429	9	9.89057
gene-HO397_09375	351	306.455	12	23.428
gene-HO397_09380	429	451.927	11	14.5628
gene-HO397_09385	1425	1845.98	20	6.48222
gene-HO397_09390	801	847.925	2	1.41121
gene-HO397_09395	987	1052.23	1	0.568604
gene-HO397_09400	1515	1738.85	14	4.81711
gene-HO397_09405	990	1003.66	4	2.38449
gene-HO397_09410	504	469.379	17	21.6693
gene-HO397_09415	252	193.729	3	9.26503
gene-HO397_09420	87	56.939	446	4686.46
gene-HO397_09425	324	293.914	4	8.14254
gene-HO397_09430	498	562.66	71	75.4975
gene-HO397_09435	240	173.153	22	76.0176
gene-HO397_09440	1212	1335.44	36	16.1286
gene-HO397_09445	666	821.362	25	18.2107
rna-HO397_09450	87	46.3586	379	4891.36
rna-HO397_09455	74	34.5313	89	1542.05
rna-HO397_09460	76	36.3116	137	2257.34
gene-HO397_09465	549	708.697	8	6.75383
gene-HO397_09470	1833	2016.03	15	4.45159
gene-HO397_09475	576	577.65	4	4.14301
gene-HO397_09480	698	711.903	0.00979694	0.0082336
gene-HO397_09485	645	672.041	22	19.5861
gene-HO397_09490	1359	1642.44	159	57.9201
gene-HO397_09495	672	671.72	69	61.4584
gene-HO397_09500	414	407.662	6	8.80585
gene-HO397_09505	1005	927.793	3	1.9346
gene-HO397_09510	636	636.625	9	8.45822
gene-HO397_09515	651	707.376	5	4.22902
gene-HO397_09520	531	621.103	41	39.4949
rna-HO397_09525	90	48.9759	93	1136.11
gene-HO397_09530	798	780.185	12	9.20247
rna-HO397_09535	76	36.3116	291	4794.78
gene-HO397_09540	7077	7790.81	76	5.83649
gene-HO397_09545	1053	1146.13	9	4.69816
gene-HO397_09550	1317	1376.29	11	4.78194
gene-HO397_09555	1455	1577.84	13	4.92948
gene-HO397_09560	717	795.13	3	2.25737
rna-HO397_09565	76	36.3116	291	4794.78
gene-HO397_09570	1644	1726.24	27	9.35801
rna-HO397_09575	76	36.3116	291	4794.78
gene-HO397_09580	951	1063.57	9	5.06288
gene-HO397_09585	918	918.529	1	0.65137
rna-HO397_09590	76	36.3116	291	4794.78
gene-HO397_09595	936	1014.79	49	28.8894
gene-HO397_09600	1080	1042.56	37	21.2334
gene-HO397_09605	744	706	22	18.644
gene-HO397_09610	546	604.81	28	27.6987
gene-HO397_09615	239	200.383	15	44.7869
gene-HO397_09620	306	259.819	0	0
gene-HO397_09625	699	652.755	0	0
gene-HO397_09630	144	99.7069	0	0
gene-HO397_09635	402	344.534	1	1.73655
gene-HO397_09640	102	59.9888	2	19.9471
gene-HO397_09645	147	102.534	0	0
gene-HO397_09650	183	130.988	2	9.13523
gene-HO397_09655	330	296.068	6	12.1249
gene-HO397_09660	1059	1207.82	4	1.98144
gene-HO397_09665	474	490.714	6	7.31549
gene-HO397_09670	1167	1332.84	6	2.69336
gene-HO397_09675	1428	1788.01	15	5.01928
gene-HO397_09680	228	218.879	3	8.20043
gene-HO397_09685	1059	1129.49	3	1.58913
gene-HO397_09690	1359	1366.13	24	10.5109
gene-HO397_09695	63	24.8318	0	0
gene-HO397_09700	930	1144.94	21	10.9738
gene-HO397_09705	825	837.176	44	31.4454
gene-HO397_09710	51	14.8811	5	201.028
gene-HO397_09715	900	909.106	8	5.26497
gene-HO397_09720	1305	1005.94	10	5.94766
gene-HO397_09725	1071	1085.98	2	1.10187
gene-HO397_09730	1068	1106.13	17	9.19527
gene-HO397_09735	591	510.607	4	4.68699
gene-HO397_09740	738	684.875	7	6.11515
gene-HO397_09745	777	845.82	5	3.53682
gene-HO397_09750	612	710.321	7	5.89609
gene-HO397_09755	981	1331.95	59	26.5023
gene-HO397_09760	1167	1281.57	358	167.132
gene-HO397_09765	1407	1381.72	13	5.62916
gene-HO397_09770	1365	1539.29	9.44323	3.67047
gene-HO397_09775	1425	1724.54	10	3.46934
gene-HO397_09780	698	715.26	153.949	128.776
gene-HO397_09785	768	855.261	28	19.5875
gene-HO397_09790	1113	1364.29	24	10.525
gene-HO397_09795	1176	1431.2	27	11.2872
gene-HO397_09800	822	1230.14	20	9.72737
gene-HO397_09805	747	939.258	14	8.91792
gene-HO397_09810	579	608.785	15	14.7417
gene-HO397_09815	1113	1427	51	21.3829
gene-HO397_09820	1425	2088.37	56	16.0435
gene-HO397_09825	546	628.52	8	7.61537
gene-HO397_09830	879	1065.44	12	6.73866
gene-HO397_09835	900	905.221	29	19.1674
gene-HO397_09840	1086	1265.86	22	10.3982
gene-HO397_09845	894	963.198	9	5.59046
gene-HO397_09850	1395	1471.88	13	5.28436
gene-HO397_09855	1221	1303.42	2	0.91805
gene-HO397_09860	1281	1326.01	1	0.451204
gene-HO397_09865	1479	1432.76	0	0
gene-HO397_09870	1395	1530.19	5	1.95499
gene-HO397_09875	1371	1502.85	3.55677	1.41599
gene-HO397_09880	1437	1330.72	1	0.449606
gene-HO397_09885	1224	1255.02	4	1.90691
gene-HO397_09890	480	433.755	0	0
gene-HO397_09895	966	864.911	2	1.3835
gene-HO397_09900	1122	1071.42	1	0.55842
gene-HO397_09905	549	502.755	0	0
gene-HO397_09910	747	834.715	2	1.43355
gene-HO397_09915	1218	1338.83	4	1.78754
gene-HO397_09920	1218	1187.69	1	0.503753
gene-HO397_09925	489	442.755	0	0
gene-HO397_09930	840	995.299	2	1.20226
gene-HO397_09935	2163	2209.88	1	0.27074
gene-HO397_09940	444	403.737	1	1.48191
gene-HO397_09945	1140	1135.33	1	0.526983
gene-HO397_09950	1584	1585.26	17	6.41606
gene-HO397_09955	1854	1890.5	50	15.8239
gene-HO397_09960	582	383.23	32	49.9587
gene-HO397_09965	642	627.982	6	5.71643
gene-HO397_09970	3318	3285.82	23	4.18798
gene-HO397_09975	849	1044.71	4	2.29078
gene-HO397_09980	1353	1091.36	4	2.19287
gene-HO397_09985	1941	2402.46	16	3.9846
gene-HO397_09990	762	779.557	2	1.53498
gene-HO397_09995	660	661.669	1	0.904232
gene-HO397_10000	60	22.2244	14	376.893
gene-HO397_10005	57	19.6997	1	30.371
gene-HO397_10010	57	19.6997	5	151.855
gene-HO397_10015	57	19.6997	8	242.968
gene-HO397_10020	1248	1156.59	2	1.0346
gene-HO397_10025	3123	2792.94	10	2.1422
gene-HO397_10030	3078	3285.77	6	1.09253
gene-HO397_10035	1416	1434.07	2	0.83441
gene-HO397_10040	1404	1657.75	9	3.24821
gene-HO397_10045	723	636.006	14	13.17
gene-HO397_10050	333	286.819	0	0
gene-HO397_10055	1362	1497.44	25	9.98873
gene-HO397_10060	318	326.091	4	7.33907
gene-HO397_10065	900	766.611	3	2.34135
gene-HO397_10070	549	671.74	3	2.67203
gene-HO397_10075	698	715.678	0.000130654	0.000109226
gene-HO397_10080	240	300.716	10	19.8959
gene-HO397_10085	1041	1236.78	6	2.90254
gene-HO397_10090	1356	1417.07	25	10.5552
gene-HO397_10095	285	314.132	17	32.3785
gene-HO397_10100	453	562.926	26	27.6339
gene-HO397_10105	1263	1402.99	74	31.5571
gene-HO397_10110	855	821.434	95	69.1945
gene-HO397_10115	1053	1198.7	5	2.49563
gene-HO397_10120	1278	1286.48	3	1.39521
gene-HO397_10125	1005	958.755	0	0
gene-HO397_10130	966	1001.18	6	3.58557
gene-HO397_10135	747	741.464	3	2.42076
gene-HO397_10140	819	991.209	6	3.62165
gene-HO397_10145	801	729.678	10	8.19953
gene-HO397_10150	789	777.066	9	6.92955
gene-HO397_10155	240	176.092	162	550.422
gene-HO397_10160	432	519.093	241	277.775
gene-HO397_10165	666	722.724	86	71.1945
gene-HO397_10170	165	118.51	5	25.2427
gene-HO397_10175	264	331.753	56	100.994
gene-HO397_10180	195	149.228	0	0
gene-HO397_10185	698	715.678	0.000130654	0.000109226
gene-HO397_10190	162	209.675	4	11.4139
gene-HO397_10195	1110	1231.62	13	6.31518
gene-HO397_10200	2034	1940.31	27	8.32554
gene-HO397_10205	3795	4006.09	45	6.72067
gene-HO397_10210	3633	3899.32	15	2.30156
gene-HO397_10215	318	284.897	2	4.20013
gene-HO397_10220	1089	942.099	4	2.54029
gene-HO397_10225	2280	2252.72	56	14.8731
gene-HO397_10230	1137	1076.59	9	5.00164
gene-HO397_10235	2001	1863.15	38	12.2027
gene-HO397_10240	462	483.913	3	3.70915
gene-HO397_10245	471	496.848	5	6.02098
gene-HO397_10250	720	706.377	13	11.011
gene-HO397_10255	1686	1832.96	8	2.6113
gene-HO397_10260	732	719.713	7	5.81914
gene-HO397_10265	108	72.4099	9	74.3644
gene-HO397_10270	732	728.333	3	2.4644
gene-HO397_10275	927	883.681	5	3.38528
gene-HO397_10280	1158	1169.35	4	2.04662
gene-HO397_10285	918	731.445	1	0.817972
gene-HO397_10290	2298	2194.86	28	7.63258
gene-HO397_10295	1716	1796.34	36	11.9904
gene-HO397_10300	933	910.664	16	10.5119
gene-HO397_10305	588	572.305	2	2.09085
gene-HO397_10310	579	638.886	3	2.80943
gene-HO397_10315	762	715.755	0	0
gene-HO397_10320	1527	1343.97	2	0.890349
gene-HO397_10325	84	43.6458	0	0
gene-HO397_10330	948	929.319	12	7.72569
gene-HO397_10335	399	428.434	21	29.3262
gene-HO397_10340	696	702.42	8	6.81418
gene-HO397_10345	885	926.695	26	16.7864
gene-HO397_10350	720	685.882	31	27.0416
gene-HO397_10355	240	193.926	0	0
gene-HO397_10360	1239	1353.53	8	3.53624
gene-HO397_10365	1236	1118.09	4	2.14043
gene-HO397_10370	1011	1221.27	11	5.38892
gene-HO397_10375	1521	1661.14	10	3.60176
gene-HO397_10380	994	979.265	17	10.3865
gene-HO397_10385	1041	1073.21	11	6.13235
gene-HO397_10390	1158	1086.93	10	5.50452
gene-HO397_10395	669	665.364	15	13.4881
gene-HO397_10400	836	828.527	1	0.722127
gene-HO397_10405	1992	2203.34	23	6.2455
gene-HO397_10410	1470	1537.53	29	11.2848
gene-HO397_10415	882	793.867	13	9.79751
gene-HO397_10420	1050	864.557	17	11.7646
gene-HO397_10425	858	998.021	3	1.79847
gene-HO397_10430	1089	1183.02	10	5.0574
gene-HO397_10435	1251	1391.28	9	3.87034
gene-HO397_10440	942	856.693	3	2.09516
gene-HO397_10445	699	819.214	6	4.38202
gene-HO397_10450	1251	1408.89	5	2.12331
gene-HO397_10455	939	892.755	0	0
gene-HO397_10460	942	1027.19	3	1.74739
gene-HO397_10465	1692	1508.84	7	2.77573
gene-HO397_10470	939	910.124	3	1.97216
gene-HO397_10475	1131	995.146	4	2.40488
gene-HO397_10480	1182	1089.49	5	2.7458
gene-HO397_10485	255	185.325	7	22.5988
gene-HO397_10490	573	567.761	6	6.32276
gene-HO397_10495	1467	1558.24	7	2.68772
gene-HO397_10500	987	1066.11	1	0.561203
gene-HO397_10505	714	649.252	4	3.6861
gene-HO397_10510	567	593.832	55	55.414
gene-HO397_10515	1557	1685.13	4	1.4202
gene-HO397_10520	1815	2214.58	36	9.72595
gene-HO397_10525	1095	1186.51	3	1.51276
gene-HO397_10530	1026	1176.35	9	4.57749
gene-HO397_10535	1590	1847.09	59	19.111
gene-HO397_10540	345	308.593	41	79.491
gene-HO397_10545	1191	1139.33	12	6.30162
gene-HO397_10550	696	859.591	4	2.78412
gene-HO397_10555	1761	1804.89	3	0.994469
gene-HO397_10560	285	294.139	12	24.409
gene-HO397_10565	1008	1069.52	19	10.6288
gene-HO397_10570	228	186.281	25	80.2956
gene-HO397_10575	1761	1820.5	25	8.21617
rna-HO397_10580	77	37.2239	161	2587.76
gene-HO397_10585	2592	2820.21	34	7.21304
gene-HO397_10590	648	599.207	12	11.9819
gene-HO397_10595	1053	960.66	14	8.71924
gene-HO397_10600	558	478.812	6	7.49733
gene-HO397_10605	1944	1686.95	21	7.44796
gene-HO397_10610	480	442.152	3	4.05948
gene-HO397_10615	210	164.014	0	0
gene-HO397_10620	738	744.703	1	0.80341
gene-HO397_10625	663	616.755	0	0
gene-HO397_10630	618	484.226	1	1.23559
gene-HO397_10635	603	556.755	0	0
gene-HO397_10640	450	419.591	1	1.42592
gene-HO397_10645	864	873.095	1	0.685265
gene-HO397_10650	696	733.931	11	8.96722
gene-HO397_10655	2487	2380.27	13	3.26766
gene-HO397_10660	264	307.097	1	1.94825
gene-HO397_10665	495	488.297	2	2.45057
gene-HO397_10670	489	544.219	73	80.2545
gene-HO397_10675	1647	1628.24	110	40.4199
gene-HO397_10680	1644	1666.25	15	5.38605
gene-HO397_10685	651	631.719	10	9.47102
gene-HO397_10690	1065	1018.76	0	0
gene-HO397_10695	1056	1003.93	5	2.97979
gene-HO397_10700	996	931.009	3	1.92792
gene-HO397_10705	698	711.903	0.00979694	0.0082336
gene-HO397_10710	2850	3068.39	32	6.23965
gene-HO397_10715	1827	2107.93	12	3.40601
gene-HO397_10720	1386	1378.29	5	2.17045
gene-HO397_10725	663	616.755	0	0
gene-HO397_10730	651	604.755	0	0
gene-HO397_10735	1323	1280.84	3	1.40135
gene-HO397_10740	1185	1188.42	1	0.503443
gene-HO397_10745	777	813.986	1	0.735027
gene-HO397_10750	1650	1681	5	1.7796
gene-HO397_10755	4395	4723.15	64	8.10715
gene-HO397_10760	624	498.255	5	6.00398
gene-HO397_10765	1689	1618.3	5	1.84855
gene-HO397_10770	2628	2617.56	88	20.1144
gene-HO397_10775	723	823.941	13	9.4399
gene-HO397_10780	3753	3905	19	2.91107
gene-HO397_10785	2286	2401.67	23	5.72974
gene-HO397_10790	1131	1038.74	9	5.18387
gene-HO397_10795	255	170.213	8	28.1202
gene-HO397_10800	651	680.592	7	6.15363
gene-HO397_10805	240	189.229	9	28.4561
gene-HO397_10810	1077	1277.2	20	9.36897
gene-HO397_10815	1359	1443.23	25	10.364
gene-HO397_10820	1629	1676.49	1	0.356877
gene-HO397_10825	1260	1206.3	10	4.95981
gene-HO397_10830	1191	1048.89	3	1.71124
gene-HO397_10835	903	1016.09	2	1.17765
gene-HO397_10840	804	848.951	9	6.34279
gene-HO397_10845	1290	1348.81	3	1.33073
gene-HO397_10850	1206	1256.76	3	1.4282
gene-HO397_10855	783	746.244	1	0.801751
gene-HO397_10860	1203	1342.04	10	4.45814
gene-HO397_10865	543	549.048	11	11.9868
gene-HO397_10870	426	559.856	45	48.0902
gene-HO397_10875	603	649.659	227	209.055
gene-HO397_10880	1140	1283.58	298	138.904
gene-HO397_10885	969	1050.05	67	38.1757
gene-HO397_10890	1983	2166.57	213	58.8204
gene-HO397_10895	891	1036.64	196	113.122
gene-HO397_10900	1653	1656.44	126	45.511
gene-HO397_10905	336	279.228	151	323.548
gene-HO397_10910	387	362.642	53	87.4417
gene-HO397_10915	267	214.613	6	16.7269
gene-HO397_10920	1356	1613.97	9	3.33631
gene-HO397_10925	963	806.91	8	5.93178
gene-HO397_10930	858	779.917	9	6.90422
gene-HO397_10935	759	520.163	1	1.15022
gene-HO397_10940	1671	1539.9	11	4.27387
gene-HO397_10945	1296	1378.7	9	3.90564
gene-HO397_10950	306	270.507	3	6.63535
gene-HO397_10955	462	439.862	3	4.08061
gene-HO397_10960	918	1047.01	8	4.57151
gene-HO397_10965	1212	1484.86	7	2.82054
gene-HO397_10970	325	278.819	0	0
gene-HO397_10975	504	497.648	1	1.20226
gene-HO397_10980	1358	1386.66	109	47.0302
gene-HO397_10985	1458	1410.2	20	8.48537
gene-HO397_10990	1530	1543.95	21	8.13776
gene-HO397_10995	1842	1913.44	56	17.5103
gene-HO397_11000	303	229.918	4	10.4089
gene-HO397_11005	555	511.585	8	9.35605
gene-HO397_11010	543	467.695	8	10.234
gene-HO397_11015	978	1027.06	14	8.15555
gene-HO397_11020	2727	2794.73	50	10.7041
gene-HO397_11025	1338	1253.32	31	14.7986
gene-HO397_11030	501	387.922	4	6.16929
gene-HO397_11035	1803	1878.76	57	18.152
gene-HO397_11040	663	620.255	27	26.0444
gene-HO397_11045	444	410.881	56	81.544
gene-HO397_11050	939	925.445	30	19.395
gene-HO397_11055	1218	1380.33	15	6.50172
gene-HO397_11060	600	641.982	12	11.1835
gene-HO397_11065	1833	1986.96	15	4.51672
gene-HO397_11070	651	694.483	12	10.3381
gene-HO397_11075	495	551.204	11	11.9399
gene-HO397_11080	456	506.923	12	14.1631
gene-HO397_11085	1203	1123.74	247	131.508
gene-HO397_11090	2145	1903.54	76	23.8876
gene-HO397_11095	1521	1633	4	1.46553
gene-HO397_11100	543	537.298	16	17.8166
gene-HO397_11105	552	536.58	6	6.69018
gene-HO397_11110	645	611.807	2	1.95585
gene-HO397_11115	648	613.564	3	2.92538
gene-HO397_11120	363	345.477	9	15.5863
gene-HO397_11125	894	928.283	35	22.5584
gene-HO397_11130	891	1100.11	21	11.421
gene-HO397_11135	774	669.719	2	1.78672
gene-HO397_11140	717	759.143	8	6.30502
gene-HO397_11145	687	684.215	10	8.74435
gene-HO397_11150	783	874.513	5	3.42077
gene-HO397_11155	783	775.126	19	14.6657
gene-HO397_11160	570	564.668	13	13.7743
gene-HO397_11165	1518	1457.87	14	5.74554
gene-HO397_11170	489	416.804	9	12.9191
gene-HO397_11175	663	751.119	51	40.6239
gene-HO397_11180	1269	1147.48	15	7.82108
gene-HO397_11185	915	900.312	25	16.6137
gene-HO397_11190	660	638.36	24	22.494
gene-HO397_11195	813	738.682	97	78.566
gene-HO397_11200	1014	906.411	89	58.747
gene-HO397_11205	1137	1110.34	21	11.3157
gene-HO397_11210	996	965.151	13	8.05877
gene-HO397_11215	1179	1461.61	23	9.41489
gene-HO397_11220	1221	1124.29	17	9.04668
gene-HO397_11225	2007	1962.14	13	3.964
gene-HO397_11230	279	210.378	1	2.84394
gene-HO397_11235	549	561.124	14	14.9276
gene-HO397_11240	810	901.14	6	3.98363
gene-HO397_11245	825	811.976	11	8.10531
gene-HO397_11250	1086	995.14	15	9.01836
gene-HO397_11255	933	764.672	17	13.3013
gene-HO397_11260	552	494.44	23	27.8314
gene-HO397_11265	825	957.714	84	52.4764
gene-HO397_11270	552	571.738	9	9.41816
gene-HO397_11275	480	550.54	7	7.60728
gene-HO397_11280	507	453.575	3	3.95724
gene-HO397_11285	753	792.065	2	1.51074
gene-HO397_11290	2646	3127.56	9	1.7217
gene-HO397_11295	564	596.189	1	1.00354
gene-HO397_11300	486	365.126	24	39.3268
gene-HO397_11305	2145	2261.97	16	4.23207
gene-HO397_11310	1311	1210.93	5	2.47042
gene-HO397_11315	285	182.048	20	65.7303
gene-HO397_11320	1341	1413.24	13	5.5036
gene-HO397_11325	766	833.04	7	5.02751
gene-HO397_11330	698	707.377	0	0
gene-HO397_11335	309	370.516	6	9.68868
gene-HO397_11340	756	766.473	6	4.68354
gene-HO397_11345	933	1085.31	4	2.20509
rna-HO397_11350	75	35.4246	25	422.237
gene-HO397_11355	936	1164.67	17	8.73307
gene-HO397_11360	1338	1339.32	2	0.893444
gene-HO397_11365	1329	1457.59	22	9.0304
gene-HO397_11370	1539	1874.37	18	5.74562
gene-HO397_11375	1164	1187.59	12	6.04552
gene-HO397_11380	615	687.761	20	17.3985
gene-HO397_11385	3594	4276.28	89	12.4522
gene-HO397_11390	1146	1398.09	13	5.56324
gene-HO397_11395	945	1145.41	11	5.74584
gene-HO397_11400	1695	2112.31	25	7.08115
gene-HO397_11405	1251	1449.6	1	0.412737
gene-HO397_11410	633	586.755	0	0
gene-HO397_11415	276	290.929	22	45.2436
gene-HO397_11420	243	206.799	14	40.5043
gene-HO397_11425	921	922.519	9	5.83697
gene-HO397_11430	72	32.7634	3	54.7838
gene-HO397_11435	1239	1124.99	42	22.3369
gene-HO397_11440	1698	1920.32	18	5.60813
gene-HO397_11445	735	918.177	35	22.8067
gene-HO397_11450	858	910.659	9	5.91299
gene-HO397_11455	2496	2704.25	3	0.663735
gene-HO397_11460	1038	956.68	2	1.25079
gene-HO397_11465	1086	1191.96	4	2.00779
gene-HO397_11470	1248	1118.46	3	1.60481
gene-HO397_11475	327	280.819	0	0
gene-HO397_11480	966	1068.53	15	8.39897
gene-HO397_11485	1257	1229.07	10	4.86792
gene-HO397_11490	327	372.402	1	1.6066
gene-HO397_11495	1239	1298.46	31	14.2841
gene-HO397_11500	1203	1292.13	6	2.77821
gene-HO397_11505	2190	2179.31	18	4.94168
rna-HO397_11510	76	36.3116	904	14895.1
rna-HO397_11515	76	36.3116	904	14895.1
gene-HO397_11520	345	362.887	25	41.2182
gene-HO397_11525	372	460.315	4	5.19907
gene-HO397_11530	1416	1458.02	19	7.79672
rna-HO397_11535	76	36.3116	25	411.923
rna-HO397_11540	76	36.3116	25	411.923
rna-HO397_11545	76	36.3116	25	411.923
rna-HO397_11550	76	36.3116	12.6667	208.707
gene-HO397_11555	342	310.551	3	5.77975
gene-HO397_11560	927	888.791	15	10.0975
gene-HO397_11565	999	1025.94	14	8.16447
gene-HO397_11570	219	172.997	0	0
gene-HO397_11575	2016	1978.14	8	2.41965
gene-HO397_11580	987	854.225	72	50.4291
gene-HO397_11585	762	874.125	12	8.2135
gene-HO397_11590	972	1090.35	48	26.3388
gene-HO397_11595	258	294.574	11	22.3418
gene-HO397_11600	1728	1801.75	37	12.2865
gene-HO397_11605	510	427.606	54	75.5562
gene-HO397_11610	852	934.349	9	5.76307
gene-HO397_11615	375	399.161	14	20.9846
gene-HO397_11620	735	899.005	32	21.2965
gene-HO397_11625	912	906.091	2	1.32062
gene-HO397_11630	1098	1032.03	3	1.7392
gene-HO397_11635	876	953.6	4	2.50966
gene-HO397_11640	834	877.165	5	3.41043
gene-HO397_11645	1017	1086.68	11	6.05638
gene-HO397_11650	792	721.658	9	7.46159
gene-HO397_11655	858	905.042	5	3.30538
gene-HO397_11660	897	1172.16	5	2.55213
gene-HO397_11665	1425	1619.93	14	5.17074
gene-HO397_11670	900	956.868	7	4.3769
gene-HO397_11675	576	647.047	6	5.548
gene-HO397_11680	450	384.875	7	10.8817
gene-HO397_11685	426	465.137	13	16.7218
gene-HO397_11690	870	849.929	28	19.7104
gene-HO397_11695	900	888.963	15	10.0955
gene-HO397_11700	1053	1287.85	6	2.78745
gene-HO397_11705	501	454.755	0	0
gene-HO397_11710	660	669.31	3	2.68172
gene-HO397_11715	888	781.157	2	1.53184
gene-HO397_11720	1362	1437.63	1	0.416173
gene-HO397_11725	1404	1194.92	2	1.00141
gene-HO397_11730	1227	1180.76	0	0
gene-HO397_11735	1188	1141.76	0	0
gene-HO397_11740	837	790.755	0	0
gene-HO397_11745	1404	1357.76	0	0
gene-HO397_11750	288	241.844	0	0
gene-HO397_11755	294	198.046	1	3.02102
gene-HO397_11760	1017	970.755	0	0
gene-HO397_11765	810	763.755	0	0
gene-HO397_11770	702	655.755	0	0
gene-HO397_11775	480	541.432	1	1.10504
gene-HO397_11780	336	289.819	0	0
gene-HO397_11785	2280	2127.4	19	5.34349
gene-HO397_11790	951	1046.36	3	1.71539
gene-HO397_11795	2004	1990.18	5	1.50313
gene-HO397_11800	1044	999.347	2	1.19739
gene-HO397_11805	576	533.321	1	1.12184
gene-HO397_11810	1980	1950.49	8	2.45395
gene-HO397_11815	1701	1670.24	42	15.0449
gene-HO397_11820	3114	2969.75	14	2.82051
gene-HO397_11825	60	22.2244	38	1023
gene-HO397_11830	357	332.871	17	30.5558
gene-HO397_11835	1128	1167.76	24	12.2964
gene-HO397_11840	201	201.91	19	56.301
gene-HO397_11845	699	715.183	11	9.20229
gene-HO397_11850	2016	2047.24	21	6.13722
gene-HO397_11855	864	819.568	13	9.49028
gene-HO397_11860	714	673.966	2	1.77547
gene-HO397_11865	1035	1008.88	91	53.9663
gene-HO397_11870	879	920.365	44	28.6031
gene-HO397_11875	573	524.514	26	29.6576
gene-HO397_11880	471	408.348	23	33.699
gene-HO397_11885	618	571.755	0	0
gene-HO397_11890	2019	2095.6	3	0.856513
gene-HO397_11895	947	900.755	0	0
gene-HO397_11900	111	68.4128	0	0
gene-HO397_11905	1350	1404.85	2	0.851767
gene-HO397_11910	651	604.755	0	0
gene-HO397_11915	1581	1708.87	3	1.05035
gene-HO397_11920	1668	1668.17	2	0.717314
gene-HO397_11925	540	493.755	0	0
gene-HO397_11930	759	712.755	0	0
gene-HO397_11935	414	367.755	0	0
gene-HO397_11940	2013	2012.82	10	2.97246
gene-HO397_11945	849	966.907	6	3.71267
gene-HO397_11950	1062	1068.95	28	15.6719
gene-HO397_11955	1464	1328.76	11	4.95299
gene-HO397_11960	360	308.683	9	17.4442
gene-HO397_11965	747	801	36	26.89
gene-HO397_11970	1290	1432.64	7	2.92336
gene-HO397_11975	627	497.957	21	25.2318
gene-HO397_11980	1038	1034.63	9	5.2045
gene-HO397_11985	639	546.551	1	1.09469
gene-HO397_11990	2067	2308.85	25	6.47836
gene-HO397_11995	1542	1727.3	9	3.11742
gene-HO397_12000	2244	2441.09	4	0.980383
gene-HO397_12005	153	108.258	0	0
gene-HO397_12010	192	109.502	7	38.2468
gene-HO397_12015	519	553.775	2	2.16081
gene-HO397_12020	540	523.693	3	3.4274
gene-HO397_12025	1578	1598.03	8	2.9952
gene-HO397_12030	1467	1415.21	20	8.45528
gene-HO397_12035	1371	1426.85	49	20.5466
gene-HO397_12040	216	192.645	13	40.3745
gene-HO397_12045	1473	1558.87	50	19.1902
gene-HO397_12050	1179	1138.67	65	34.1535
gene-HO397_12055	621	610.646	12	11.7574
gene-HO397_12060	1275	1355.7	45	19.8596
gene-HO397_12065	1119	1152.35	27	14.0184
gene-HO397_12070	1014	1030.1	53	30.7834
gene-HO397_12075	1155	1077.46	40	22.2117
gene-HO397_12080	432	338.036	11	19.4693
gene-HO397_12085	2313	2288.13	16	4.1837
gene-HO397_12090	4962	5136.68	99	11.5312
gene-HO397_12095	846	826.213	11	7.96565
gene-HO397_12100	1358	1386.66	109	47.0302
gene-HO397_12105	777	861.135	11	7.64262
gene-HO397_12110	1284	1257.64	17	8.08749
gene-HO397_12115	201	186.257	13	41.7591
gene-HO397_12120	336	295.118	12	24.328
gene-HO397_12125	1851	1672.07	64	22.9005
gene-HO397_12130	516	439.776	22	29.9303
gene-HO397_12135	324	450.816	13	17.253
gene-HO397_12140	387	309.378	24	46.4132
gene-HO397_12145	1215	1246	117	56.181
gene-HO397_12150	489	561.731	54	57.5156
gene-HO397_12155	741	632.867	33	31.1977
gene-HO397_12160	804	702.241	66	56.2313
gene-HO397_12165	855	929.803	3	1.93042
gene-HO397_12170	1281	1355.95	11	4.85367
gene-HO397_12175	1140	1211.17	2	0.987977
gene-HO397_12180	891	994.247	1	0.601764
gene-HO397_12185	1362	1463.99	1	0.408679
gene-HO397_12190	519	473.992	1	1.26226
gene-HO397_12195	321	274.819	0	0
gene-HO397_12200	813	766.755	0	0
gene-HO397_12205	1203	1174.72	4	2.03726
gene-HO397_12210	423	347.274	1	1.72285
gene-HO397_12215	873	730.008	11	9.01541
gene-HO397_12220	1095	1099.82	4	2.176
gene-HO397_12225	999	1057.04	1	0.566017
gene-HO397_12230	1512	1516.52	5	1.97261
gene-HO397_12235	984	1007.27	3	1.78195
gene-HO397_12240	3282	3509.72	24	4.09128
gene-HO397_12245	1194	1180.72	16	8.10762
gene-HO397_12250	1254	1212.06	19	9.37883
gene-HO397_12255	1191	1331.2	15	6.74171
gene-HO397_12260	339	323.211	11	20.3623
gene-HO397_12265	1335	1342.88	1	0.445535
gene-HO397_12270	714	667.755	13	11.6479
gene-HO397_12275	1428	1417.21	18	7.59905
gene-HO397_12280	3888	3723.09	14	2.2498
gene-HO397_12285	1533	1694	9	3.17871
gene-HO397_12290	698	710.553	165.435	139.3
gene-HO397_12295	537	571.034	16	16.764
gene-HO397_12300	636	779.116	21	16.1264
gene-HO397_12305	849	843.133	10	7.09618
gene-HO397_12310	261	201.591	32	94.973
gene-HO397_12315	81	40.8588	1	14.6432
gene-HO397_12320	381	521.347	8	9.18086
gene-HO397_12325	732	665.016	5	4.49841
gene-HO397_12330	729	665.573	22	19.7764
gene-HO397_12335	906	939.548	24	15.2831
gene-HO397_12340	681	623.148	18	17.2823
gene-HO397_12345	975	1124.2	27	14.3695
gene-HO397_12350	1800	1976.34	55	16.6503
gene-HO397_12355	480	445.33	12	16.122
gene-HO397_12360	957	1048.34	187	106.724
gene-HO397_12365	651	534.364	83	92.9312
gene-HO397_12370	576	570.85	176	184.464
gene-HO397_12375	156	106.866	23	128.768
gene-HO397_12380	1623	1588.85	106	39.9156
gene-HO397_12385	738	673.222	13	11.5533
gene-HO397_12390	1335	1349.62	23	10.1961
gene-HO397_12395	882	789.827	16	12.1202
gene-HO397_12400	588	584.081	3	3.07304
gene-HO397_12405	384	320.465	5	9.33491
gene-HO397_12410	690	734.151	11	8.96453
gene-HO397_12415	1038	1011.94	11	6.50368
gene-HO397_12420	420	352.862	80	135.645
gene-HO397_12425	699	651.666	12	11.0173
gene-HO397_12430	2661	2753.32	19	4.12874
gene-HO397_12435	1356	1371.51	20	8.72469
gene-HO397_12440	324	405.922	38	56.0094
gene-HO397_12445	1299	1394.84	144	61.7671
rna-HO397_12450	116	73.0415	3965.5	32482.5
rna-HO397_12455	2932	3031.41	15028.1	2966.07
rna-HO397_12460	76	36.3116	145.75	2401.51
rna-HO397_12465	1554	1520.16	5053.16	1988.81
gene-HO397_12470	2574	2573.59	62	14.4136
gene-HO397_12475	732	800.745	7	5.23027
gene-HO397_12480	981	962.122	5	3.10928
gene-HO397_12485	738	950.422	131	82.4661
gene-HO397_12490	342	364.225	37	60.7788
gene-HO397_12495	48	12.5837	5	237.728
gene-HO397_12500	1161	1244.44	80	38.4624
gene-HO397_12505	1122	1132.26	16	8.45463
gene-HO397_12510	1071	1291.62	35	16.2127
gene-HO397_12515	366	358.197	2	3.34063
gene-HO397_12520	519	481.69	73	90.6725
gene-HO397_12525	1227	1340.26	18	8.03532
gene-HO397_12530	483	619.295	7	6.76271
gene-HO397_12535	348	379.217	80	126.218
gene-HO397_12540	768	816.364	57	41.7745
gene-HO397_12545	549	562.852	59	62.716
gene-HO397_12550	249	200.3	17	50.7794
gene-HO397_12555	1362	1321.83	65	29.4211
gene-HO397_12560	792	1217.83	13	6.38672
gene-HO397_12565	1287	1338.42	11	4.91722
gene-HO397_12570	594	694.899	26	22.3858
gene-HO397_12575	879	842.598	14	9.94095
gene-HO397_12580	1662	1746.41	36	12.3333
gene-HO397_12585	342	266.14	38	85.4266
gene-HO397_12590	291	231.603	2	5.16663
gene-HO397_12595	477	497.882	14	16.8237
gene-HO397_12600	483	535.688	4	4.46754
rna-HO397_12605	363	344.799	5088	8828.79
gene-HO397_12610	1230	1405.64	22	9.36419
gene-HO397_12615	1557	2039.21	5	1.467
gene-HO397_12620	897	1037.69	1	0.576569
gene-HO397_12625	897	850.755	0	0
gene-HO397_12630	698	707.421	0	0
gene-HO397_12635	978	981.748	1	0.609425
gene-HO397_12640	1269	1341.95	5	2.22923
gene-HO397_12645	1449	1567.92	5	1.90795
gene-HO397_12650	1281	1113.14	4	2.14997
gene-HO397_12655	1401	1645.6	5	1.81788
gene-HO397_12660	663	613.984	4	3.89783
gene-HO397_12665	450	393.592	3	4.56032
gene-HO397_12670	159	191.945	1	3.11704
gene-HO397_12675	300	302.999	98	193.511
gene-HO397_12680	525	521.085	60	68.8911
gene-HO397_12685	405	412.632	113	163.846
gene-HO397_12690	450	424.303	20	28.2016
gene-HO397_12695	345	373.193	4	6.41279
gene-HO397_12700	330	269.599	2	4.43846
gene-HO397_12705	246	266.372	4	8.98447
gene-HO397_12710	411	364.755	0	0
gene-HO397_12715	2145	2414.97	2	0.495494
gene-HO397_12720	960	968.252	12	7.41503
gene-HO397_12725	1203	1269.82	96	45.2322
gene-HO397_12730	1065	1213.5	48	23.6658
gene-HO397_12735	993	1113.28	13	6.98651
gene-HO397_12740	1185	1330.8	7	3.14708
gene-HO397_12745	738	691.423	32	27.6902
gene-HO397_12750	336	372.852	6	9.62798
gene-HO397_12755	102	60.5909	1	9.87445
gene-HO397_12760	531	620.235	48	46.3026
gene-HO397_12765	1173	937.402	26	16.5946
gene-HO397_12770	1539	1631.09	8	2.93449
gene-HO397_12775	516	479.278	7	8.73838
gene-HO397_12780	1557	1704.61	44	15.4435
gene-HO397_12785	429	505.843	18	21.2901
gene-HO397_12790	567	483.129	6	7.43033
rna-HO397_12795	77	37.2239	65.5	1052.79
rna-HO397_12800	77	37.2239	65.5	1052.79
rna-HO397_12805	77	37.2239	65.5	1052.79
rna-HO397_12810	77	37.2239	65.5	1052.79
rna-HO397_12815	93	65.7092	299	2722.48
gene-HO397_12820	186	113.867	18	94.5789
gene-HO397_12825	2631	2634.79	87	19.7558
gene-HO397_12830	501	575.949	1	1.03881
gene-HO397_12835	1062	885.962	82	55.3757
gene-HO397_12840	498	433.69	1	1.37956
gene-HO397_12845	1086	1112.64	6	3.2264
gene-HO397_12850	564	520.231	1	1.15007
gene-HO397_12855	960	1079.6	6	3.32512
gene-HO397_12860	372	325.755	0	0
gene-HO397_12865	780	673.069	6	5.3335
gene-HO397_12870	360	425.862	1	1.40492
gene-HO397_12875	774	845.773	1	0.707403
gene-HO397_12880	966	824.589	18	13.0604
gene-HO397_12885	1515	1455.07	46	18.9145
gene-HO397_12890	1440	1522.74	6	2.35747
gene-HO397_12895	1134	1075.11	6	3.33903
gene-HO397_12900	2253	2232.14	4	1.07216
gene-HO397_12905	528	499.291	1	1.1983
gene-HO397_12910	1011	960.452	11	6.85232
gene-HO397_12915	1458	1606.6	1	0.372404
gene-HO397_12920	1425	1348.37	4	1.77489
gene-HO397_12925	471	424.755	0	0
gene-HO397_12930	411	416.758	5	7.17804
gene-HO397_12935	768	751.091	4	3.18631
gene-HO397_12940	543	438.359	1	1.36487
gene-HO397_12945	1710	1673.66	2	0.714962
gene-HO397_12950	924	839.035	3	2.13925
gene-HO397_12955	1827	1696.41	1	0.352688
gene-HO397_12960	612	565.755	0	0
gene-HO397_12965	462	415.755	0	0
gene-HO397_12970	351	334.041	3	5.37331
gene-HO397_12975	873	777.226	4	3.07917
gene-HO397_12980	273	226.844	0	0
gene-HO397_12985	1122	1316.42	5	2.27246
gene-HO397_12990	1011	1008.83	7	4.15144
gene-HO397_12995	2079	2269.12	9	2.37304
gene-HO397_13000	354	307.336	3	5.8402
gene-HO397_13005	135	77.7916	1	7.69109
gene-HO397_13010	2562	2748.06	21	4.57208
gene-HO397_13015	657	718.592	4	3.33041
gene-HO397_13020	768	727.377	13	10.6931
gene-HO397_13025	909	777.346	2	1.53934
gene-HO397_13030	1263	1283.67	10	4.66087
gene-HO397_13035	639	588.858	4	4.06415
gene-HO397_13040	777	759.366	2	1.57579
gene-HO397_13045	1365	1193.85	6	3.00693
gene-HO397_13050	993	943.544	128	81.1649
gene-HO397_13055	1140	1179.37	40	20.2923
gene-HO397_13060	627	546.617	6	6.56732
gene-HO397_13065	762	880	11	7.47877
gene-HO397_13070	1050	975.354	17	10.4281
gene-HO397_13075	480	418.941	1	1.42813
gene-HO397_13080	711	733.954	23	18.7491
gene-HO397_13085	312	288.445	5	10.3712
gene-HO397_13090	324	291.337	4	8.21458
gene-HO397_13095	606	627.055	12	11.4498
gene-HO397_13100	1428	1387.57	1	0.431188
gene-HO397_13105	909	862.755	0	0
gene-HO397_13110	1038	1152.93	10	5.18941
gene-HO397_13115	1113	1162.53	67	34.4818
gene-HO397_13120	153	108.258	0	0
gene-HO397_13125	735	688.103	2	1.73899
gene-HO397_13130	1713	1779.23	5	1.68135
gene-HO397_13135	1800	1742.6	3	1.03002
gene-HO397_13140	363	316.787	0	0
gene-HO397_13145	1272	1154.75	6	3.10873
gene-HO397_13150	261	214.844	0	0
gene-HO397_13155	576	539.751	3	3.32544
gene-HO397_13160	894	813.133	4	2.94319
gene-HO397_13165	780	696.293	1	0.859268
gene-HO397_13170	1410	1414.93	1	0.422849
gene-HO397_13175	1455	1517.49	9	3.54845
gene-HO397_13180	786	860.261	6	4.17293
gene-HO397_13185	1278	1248.27	6	2.87583
gene-HO397_13190	1479	1768.4	4	1.35332
gene-HO397_13195	672	787.502	4	3.03899
gene-HO397_13200	141	96.7966	0	0
gene-HO397_13205	873	826.755	0	0
gene-HO397_13210	1299	1196.14	51	25.5098
gene-HO397_13215	1638	1573.79	108	41.0581
gene-HO397_13220	792	801.551	7	5.22502
gene-HO397_13225	336	265.473	7	15.776
gene-HO397_13230	249	277.209	9	19.4248
gene-HO397_13235	2235	2513.99	32	7.61566
gene-HO397_13240	1302	1439.68	32	13.2985
gene-HO397_13245	2757	2892.78	27	5.58429
gene-HO397_13250	1341	1416.95	2	0.844493
gene-HO397_13255	1341	1453.7	3	1.23472
gene-HO397_13260	1353	1306.76	0	0
gene-HO397_13265	450	503.189	3	3.56706
gene-HO397_13270	783	639.829	2	1.87019
gene-HO397_13275	330	237.628	1	2.5178
gene-HO397_13280	546	495.204	8	9.66555
gene-HO397_13285	849	798.824	20	14.9796
gene-HO397_13290	1365	1335.66	18	8.06299
gene-HO397_13295	1290	1333.27	11	4.93621
gene-HO397_13300	1368	1446.23	5	2.06848
gene-HO397_13305	756	671.552	9	8.01832
gene-HO397_13310	1149	1303.27	3	1.37724
gene-HO397_13315	216	169.997	0	0
gene-HO397_13320	504	537.754	611.814	680.7
gene-HO397_13325	679	616.615	73.4897	71.3071
gene-HO397_13330	999	1244.5	31	14.9035
gene-HO397_13335	1581	1712.58	7	2.44551
gene-HO397_13340	951	1046.5	1	0.571718
gene-HO397_13345	984	1084.43	5	2.75859
gene-HO397_13350	1500	1639.9	5	1.82421
gene-HO397_13355	1776	1805.16	9	2.98296
gene-HO397_13360	1419	1577.82	3	1.13759
gene-HO397_13365	423	376.755	0	0
gene-HO397_13370	732	867.237	10	6.89894
gene-HO397_13375	1101	1233.51	44	21.3417
gene-HO397_13380	396	365.208	1	1.63825
gene-HO397_13385	918	1074.01	18	10.0273
gene-HO397_13390	228	162.402	13	47.893
gene-HO397_13395	1206	1204.12	26	12.9188
gene-HO397_13400	444	360.514	7	11.6171
gene-HO397_13405	807	716.393	10	8.35159
gene-HO397_13410	1098	1042.7	44	25.2472
rna-HO397_13415	77	37.2239	146	2346.67
rna-HO397_13420	77	37.2239	146	2346.67
rna-HO397_13425	77	37.2239	146	2346.67
gene-HO397_13430	1254	1248.49	55	26.3572
gene-HO397_13435	1332	1356.43	33	14.5558
gene-HO397_13440	1827	1813.41	11	3.62926
gene-HO397_13445	3543	3421.35	32	5.59594
gene-HO397_13450	2889	3392.52	42	7.40708
gene-HO397_13455	3369	3266.83	22	4.02918
gene-HO397_13460	324	277.819	0	0
gene-HO397_13465	408	361.755	0	0
gene-HO397_13470	564	470.404	4	5.08755
gene-HO397_13475	471	424.755	0	0
gene-HO397_13480	795	756.68	9	7.11624
gene-HO397_13485	876	719.339	10	8.31739
gene-HO397_13490	2247	2356.66	58	14.7249
gene-HO397_13495	531	725.394	33	27.2183
gene-HO397_13500	690	761.284	7	5.50138
gene-HO397_13505	714	738.354	11	8.9135
gene-HO397_13510	219	191.958	4	12.4674
gene-HO397_13515	1041	1112.42	10	5.37839
gene-HO397_13520	1194	1284.84	11	5.12228
gene-HO397_13525	2160	2436.4	13	3.19238
gene-HO397_13530	1032	1010.12	28	16.5846
gene-HO397_13535	1263	1507.38	12	4.76299
gene-HO397_13540	936	846.323	16	11.3111
gene-HO397_13545	693	718.622	7	5.82798
gene-HO397_13550	1419	1518.9	13	5.12075
gene-HO397_13555	198	152.123	0	0
gene-HO397_13560	1370	1496.47	12.4255	4.96782
gene-HO397_13565	567	651.892	25	22.9448
gene-HO397_13570	837	847.544	1	0.705924
gene-HO397_13575	1182	1391.18	30	12.902
gene-HO397_13580	1230	1373.02	12	5.22908
gene-HO397_13585	570	578.783	6	6.20234
gene-HO397_13590	1163	1260.67	27.1262	12.8738
gene-HO397_13595	546	653.986	2	1.82971
rna-HO397_13600	74	34.5313	246	4262.29
gene-HO397_13605	756	720.097	13	10.8012
gene-HO397_13610	2298	2655.96	9	2.02741
gene-HO397_13615	879	854.639	2	1.40013
gene-HO397_13620	480	433.755	0	0
gene-HO397_13625	1779	1871.47	9	2.87727
gene-HO397_13630	1188	1119.15	1	0.534603
gene-HO397_13635	1197	1150.76	0	0
gene-HO397_13640	1212	1155.18	2	1.03586
gene-HO397_13645	1386	1663.28	3	1.07914
gene-HO397_13650	933	903.105	14	9.27492
gene-HO397_13655	1626	1758.8	1	0.340175
gene-HO397_13660	771	799.649	3	2.24462
gene-HO397_13665	579	774.283	52	40.1813
gene-HO397_13670	3099	3367.17	9	1.59918
gene-HO397_13675	1329	1203.97	4	1.98777
gene-HO397_13680	780	733.755	0	0
gene-HO397_13685	2871	3152.17	6	1.13884
gene-HO397_13690	1401	1614.93	3	1.11145
gene-HO397_13695	1317	1394.72	9	3.86077
gene-HO397_13700	1368	1185.86	1	0.50453
gene-HO397_13705	489	384.62	4	6.22226
gene-HO397_13710	1920	2007.69	5	1.49002
gene-HO397_13715	1449	1705.51	4	1.40322
gene-HO397_13720	126	82.4069	0	0
gene-HO397_13725	72	32.7634	0	0
gene-HO397_13730	549	705.363	9	7.63396
gene-HO397_13735	1518	1433.64	45	18.7799
gene-HO397_13740	1098	1025.34	24	14.0044
gene-HO397_13745	1734	1767.07	23	7.78744
gene-HO397_13750	711	755.126	7	5.54625
gene-HO397_13755	897	933.798	16	10.2515
gene-HO397_13760	522	603.949	35	34.6727
gene-HO397_13765	408	354.807	12	20.2353
gene-HO397_13770	267	209.356	14	40.0095
gene-HO397_13775	981	959.712	34	21.1962
gene-HO397_13780	660	827.274	21	15.1876
gene-HO397_13785	312	322.638	10	18.5441
gene-HO397_13790	1434	1659.18	11	3.9666
gene-HO397_13795	744	697.755	0	0
gene-HO397_13800	2874	2902.17	36	7.42165
gene-HO397_13805	390	342.696	19	33.1715
gene-HO397_13810	1095	1227.07	26	12.6772
gene-HO397_13815	84	43.6458	0	0
gene-HO397_13820	1203	1239.43	3	1.44818
gene-HO397_13825	1179	1254.56	13	6.19972
gene-HO397_13830	1326	1331.68	8	3.59428
gene-HO397_13835	579	569.118	37	38.8973
gene-HO397_13840	330	331.481	19	34.2938
rna-HO397_13845	184	83.3053	7739	55581.8
gene-HO397_13850	603	614.789	6	5.83909
gene-HO397_13855	60	22.2244	33	888.391
gene-HO397_13860	1233	1370.93	52	22.6938
gene-HO397_13865	660	755.404	5	3.96015
gene-HO397_13870	231	230.026	1	2.60102
gene-HO397_13875	894	726.939	13	10.6996
gene-HO397_13880	2145	2074.99	16	4.61343
gene-HO397_13885	996	911.24	2	1.31316
gene-HO397_13890	786	774.823	2	1.54436
gene-HO397_13895	1479	1616.42	3	1.11042
gene-HO397_13900	897	1035.9	13	7.50834
gene-HO397_13905	741	723.138	17	14.0653
gene-HO397_13910	636	595.31	10	10.0503
gene-HO397_13915	861	858.938	28	19.5037
gene-HO397_13920	1080	1104.75	15	8.1236
gene-HO397_13925	1164	1292.03	41	18.9859
gene-HO397_13930	1020	1165.66	147	75.4511
gene-HO397_13935	714	692.434	10	8.64056
gene-HO397_13940	510	496.268	9	10.8504
gene-HO397_13945	966	919.755	0	0
gene-HO397_13950	1278	1374.5	4	1.74114
gene-HO397_13955	1389	1254.08	2	0.954171
gene-HO397_13960	417	370.755	0	0
gene-HO397_13965	1992	1935.04	51	15.7689
gene-HO397_13970	759	764.421	9	7.04418
gene-HO397_13975	921	915.196	9	5.88368
gene-HO397_13980	1977	2156.51	28	7.76833
gene-HO397_13985	132	88.1911	0	0
gene-HO397_13990	216	160.171	4	14.9416
gene-HO397_13995	168	122.832	0	0
gene-HO397_14000	1155	1280.27	78	36.4514
gene-HO397_14005	1395	1587.29	25	9.4233
gene-HO397_14010	498	411.458	2	2.90821
gene-HO397_14015	708	629.896	3	2.84953
gene-HO397_14020	732	652.235	6	5.50386
gene-HO397_14025	951	1057.69	12	6.78799
gene-HO397_14030	564	631.186	8	7.58322
gene-HO397_14035	417	426.252	18	25.2654
gene-HO397_14040	981	920.783	2	1.29955
gene-HO397_14045	705	687.967	28	24.3507
gene-HO397_14050	567	491.586	8	9.73668
gene-HO397_14055	291	252.461	2	4.73975
gene-HO397_14060	594	596.196	12	12.0424
gene-HO397_14065	1137	1261.79	7	3.31917
gene-HO397_14070	1008	1164.13	6	3.08367
gene-HO397_14075	1047	1206.72	1	0.495809
gene-HO397_14080	720	883.132	8	5.41982
gene-HO397_14085	327	323.231	7	12.957
gene-HO397_14090	720	722.355	3	2.4848
gene-HO397_14095	1053	1087.12	2	1.10071
gene-HO397_14100	276	275.689	1	2.17021
gene-HO397_14105	1080	1110.78	9	4.84771
gene-HO397_14110	1257	1281.69	3	1.40042
gene-HO397_14115	2136	2240.88	6	1.60197
gene-HO397_14120	708	693.709	5	4.31234
rna-HO397_14125	76	36.3116	5	82.3845
gene-HO397_14130	867	845.855	36	25.464
gene-HO397_14135	918	991.012	26	15.6969
gene-HO397_14140	171	125.769	0	0
gene-HO397_14145	570	480.939	2	2.48806
gene-HO397_14150	171	163.158	3	11.001
gene-HO397_14155	984	1154.27	5	2.59169
gene-HO397_14160	1149	1273.69	20	9.39476
gene-HO397_14165	1677	1864.27	15	4.81397
gene-HO397_14170	741	648.754	4	3.68893
gene-HO397_14175	2028	1947.68	14	4.30062
gene-HO397_14180	1233	1431.31	10	4.1801
gene-HO397_14185	960	913.755	0	0
gene-HO397_14190	1140	1572.65	2	0.760886
gene-HO397_14195	687	694.615	1	0.861343
gene-HO397_14200	698	715.678	0.000130654	0.000109226
gene-HO397_14205	696	769.556	6	4.66478
gene-HO397_14210	1377	1775.48	6	2.02188
gene-HO397_14215	678	705.986	1	0.84747
gene-HO397_14220	777	824.734	8	5.80359
gene-HO397_14225	537	490.755	0	0
gene-HO397_14230	1179	1132.76	0	0
gene-HO397_14235	978	871.899	1	0.686206
gene-HO397_14240	606	559.755	0	0
gene-HO397_14245	372	325.755	0	0
gene-HO397_14250	564	517.755	0	0
gene-HO397_14255	456	353.099	1	1.69443
gene-HO397_14260	1224	1162.61	1	0.514622
gene-HO397_14265	1494	1406.8	3	1.27588
gene-HO397_14270	2061	2245.51	4	1.06577
gene-HO397_14275	960	1022.36	1	0.585214
gene-HO397_14280	411	373.203	3	4.80946
gene-HO397_14285	810	778.982	19	14.5931
gene-HO397_14290	4554	4780.8	6	0.750881
gene-HO397_14295	1683	1818.13	5	1.64537
gene-HO397_14300	2172	2101.19	16	4.55591
gene-HO397_14305	405	364.126	3	4.92936
gene-HO397_14310	1224	1103.24	6	3.25387
gene-HO397_14315	1053	1006.76	0	0
gene-HO397_14320	1500	1581.89	2	0.756438
gene-HO397_14325	765	605.565	20	19.7601
gene-HO397_14330	1143	1311.86	5	2.28035
gene-HO397_14335	1731	1820.81	5	1.64296
gene-HO397_14340	915	868.755	0	0
gene-HO397_14345	249	222.74	9	24.1749
gene-HO397_14350	1173	1213.69	6	2.95777
gene-HO397_14355	1080	1270.19	3	1.4131
gene-HO397_14360	1071	1122.24	1	0.533131
gene-HO397_14365	561	554.635	2	2.15746
gene-HO397_14370	825	839.678	9	6.41283
gene-HO397_14375	1350	1319.25	1	0.453518
gene-HO397_14380	759	728.139	1	0.821687
gene-HO397_14385	714	731.587	1	0.817814
gene-HO397_14390	693	646.755	0	0
gene-HO397_14395	1500	1626.84	2	0.735537
gene-HO397_14400	1860	2059.75	32	9.29514
gene-HO397_14405	867	1020.67	5	2.93093
gene-HO397_14410	249	262.786	14	31.8747
gene-HO397_14415	342	251.359	7	16.6619
gene-HO397_14420	489	472.066	62	78.5795
gene-HO397_14425	495	564.969	21	22.239
gene-HO397_14430	1704	1660.31	127	45.7652
gene-HO397_14435	1179	1250.54	99	47.365
gene-HO397_14440	987	954.334	28	17.5541
gene-HO397_14445	1119	1077.94	34	18.8714
gene-HO397_14450	288	308.805	82	158.873
gene-HO397_14455	888	986.903	4	2.42497
gene-HO397_14460	1041	1029.67	5	2.90531
gene-HO397_14465	495	480.07	5	6.23141
gene-HO397_14470	885	981.392	2	1.21929
gene-HO397_14475	426	454.192	4	5.26916
gene-HO397_14480	735	791.993	10	7.55439
gene-HO397_14485	1188	1220.09	12	5.88449
gene-HO397_14490	660	763.882	20	15.6648
gene-HO397_14495	957	991.344	4	2.4141
gene-HO397_14500	1164	1330.09	7	3.14875
gene-HO397_14505	828	870.37	2	1.37482
gene-HO397_14510	927	972.122	13	8.00098
gene-HO397_14515	258	211.865	0	0
gene-HO397_14520	2220	2220.15	29	7.81512
gene-HO397_14525	1413	1332.28	5	2.24541
gene-HO397_14530	738	812.33	18	13.2575
gene-HO397_14535	2259	2044.79	34	9.94834
gene-HO397_14540	1608	1603.8	13	4.8497
gene-HO397_14545	396	413.57	6	8.68006
gene-HO397_14550	297	339.871	20	35.2076
gene-HO397_14555	483	461.013	3	3.89339
gene-HO397_14560	393	325.578	14	25.7272
gene-HO397_14565	660	668.822	6	5.36736
gene-HO397_14570	1350	1366.32	7	3.06525
gene-HO397_14575	333	381.329	7	10.9829
gene-HO397_14580	582	470.006	4	5.09187
gene-HO397_14585	315	349.422	35	59.9292
gene-HO397_14590	1893	2041.22	16	4.68976
gene-HO397_14595	582	580.874	24	24.7201
gene-HO397_14600	828	830.451	23	16.5704
gene-HO397_14605	423	348.854	17	29.1558
gene-HO397_14610	630	634.141	9	8.49136
gene-HO397_14615	1482	1640.24	59	21.5211
gene-HO397_14620	672	590.658	13	13.1682
gene-HO397_14625	1161	1231.03	24	11.6644
gene-HO397_14630	789	868.154	3	2.0675
gene-HO397_14635	774	844.949	7	4.95665
gene-HO397_14640	171	139.431	7	30.0373
gene-HO397_14645	654	657.997	19	17.2763
gene-HO397_14650	291	244.844	0	0
gene-HO397_14655	552	513.171	2	2.33178
gene-HO397_14660	2505	3131.58	17	3.24792
gene-HO397_14665	750	808.06	2	1.48084
gene-HO397_14670	1065	1322.2	118	53.3955
gene-HO397_14675	201	177.391	1	3.37278
gene-HO397_14680	630	707.184	10	8.46035
gene-HO397_14685	1662	1857.44	13	4.18745
gene-HO397_14690	60	22.2244	61	1642.18
gene-HO397_14695	60	22.2244	58	1561.41
gene-HO397_14700	1434	1639.09	38	13.8708
gene-HO397_14705	2841	3014.83	11	2.18299
gene-HO397_14710	1302	1236.89	13	6.28827
gene-HO397_14715	621	561.592	23	24.5035
gene-HO397_14720	1239	1263.55	27	12.7847
gene-HO397_14725	822	767.352	18	14.0345
gene-HO397_14730	369	366.086	3	4.90296
gene-HO397_14735	618	526.513	23	26.136
gene-HO397_14740	933	1057.88	4	2.26227
gene-HO397_14745	912	865.755	0	0
gene-HO397_14750	606	559.755	0	0
gene-HO397_14755	1464	1587.31	2	0.753858
gene-HO397_14760	1014	865.11	5	3.45795
gene-HO397_14765	216	190.195	57	179.307
gene-HO397_14770	1746	1793.64	97	32.3561
gene-HO397_14775	1842	1887.05	66	20.9258
gene-HO397_14780	507	427.432	7	9.79832
rna-HO397_14785	76	36.3116	1	16.4769
gene-HO397_14790	765	809.423	1	0.739171
gene-HO397_14795	624	631.205	1	0.947872
gene-HO397_14800	1521	1487.44	21	8.44695
gene-HO397_14805	1380	1532.89	2	0.780619
gene-HO397_14810	333	286.819	0	0
gene-HO397_14815	984	970.852	1	0.616265
gene-HO397_14820	3093	2987.8	9	1.80224
gene-HO397_14825	450	374.891	1	1.59594
gene-HO397_14830	1434	1378.76	7	3.0376
gene-HO397_14835	1071	1135.15	4	2.10827
gene-HO397_14840	2352	2427.63	5	1.23228
gene-HO397_14845	2019	2057.58	2	0.581558
gene-HO397_14850	417	507.202	2	2.35922
gene-HO397_14855	315	281.091	2	4.257
gene-HO397_14860	1137	1178.65	8	4.06091
gene-HO397_14865	504	480.857	1	1.24424
gene-HO397_14870	693	723.606	1	0.826834
gene-HO397_14875	987	978.298	6	3.66945
gene-HO397_14880	966	919.755	0	0
gene-HO397_14885	1245	1277.95	12	5.61806
gene-HO397_14890	552	583.145	4	4.10396
gene-HO397_14895	1488	1509.78	2	0.79257
gene-HO397_14900	1413	1320.98	9	4.0763
gene-HO397_14905	1299	1289.01	4	1.85663
gene-HO397_14910	777	842.769	45	31.9466
gene-HO397_14915	663	732.388	12	9.80303
gene-HO397_14920	384	406.607	10	14.7145
gene-HO397_14925	369	322.755	0	0
gene-HO397_14930	306	317.559	1	1.88407
gene-HO397_14935	405	358.755	0	0
gene-HO397_14940	300	200.547	3	8.95005
gene-HO397_14945	483	502.225	2	2.3826
gene-HO397_14950	987	1042.18	1	0.574085
gene-HO397_14955	366	343.791	11	19.1434
gene-HO397_14960	357	329.043	1	1.81831
gene-HO397_14965	897	931.33	14	8.99384
gene-HO397_14970	702	685.055	1	0.873364
gene-HO397_14975	165	162.524	1	3.68132
gene-HO397_14980	1311	1217.23	14	6.88141
gene-HO397_14985	1332	1285.76	0	0
gene-HO397_14990	1365	1307.48	15	6.864
gene-HO397_14995	390	289.186	6	12.4135
gene-HO397_15000	2295	2364.07	3	0.759245
gene-HO397_15005	1209	1354.74	5	2.20817
gene-HO397_15010	1332	1512.92	19	7.51376
gene-HO397_15015	990	1112.62	6	3.22644
gene-HO397_15020	939	1058.51	3	1.6957
gene-HO397_15025	345	436.02	1	1.37219
gene-HO397_15030	540	647.234	2	1.8488
gene-HO397_15035	1104	1057.76	0	0
rna-HO397_15040	377	297.502	648	1303.18
gene-HO397_15045	1146	1099.76	0	0
gene-HO397_15050	891	903.154	1	0.662459
gene-HO397_15055	771	801.993	1	0.746019
gene-HO397_15060	1335	1377.22	2	0.868853
gene-HO397_15065	1572	1525.76	0	0
gene-HO397_15070	336	346.187	16	27.6522
gene-HO397_15075	465	465.53	15	19.2781
gene-HO397_15080	810	718.078	56	46.6591
gene-HO397_15085	1281	1293.2	1	0.462653
gene-HO397_15090	474	372.896	2	3.20895
gene-HO397_15095	780	733.755	0	0
gene-HO397_15100	879	887.65	2	1.34806
gene-HO397_15105	435	476.004	1	1.25693
gene-HO397_15110	1134	1126.96	1	0.530901
gene-HO397_15115	1155	1077.4	3	1.66596
gene-HO397_15120	861	828.667	3	2.16602
gene-HO397_15125	477	564.526	1	1.05983
gene-HO397_15130	804	782.158	1	0.764938
gene-HO397_15135	792	892.884	1	0.670078
gene-HO397_15140	756	640.265	2	1.86892
gene-HO397_15145	585	538.755	0	0
gene-HO397_15150	696	629.935	1	0.949783
gene-HO397_15155	2517	2990.86	18	3.60079
gene-HO397_15160	1092	1073.16	13	7.2477
gene-HO397_15165	861	931.18	4	2.57008
gene-HO397_15170	2037	1979.05	58	17.5344
gene-HO397_15175	396	324.693	12	22.112
gene-HO397_15180	591	573.065	8	8.35231
gene-HO397_15185	576	462.252	5	6.4716
gene-HO397_15190	1041	841.335	79	56.1796
gene-HO397_15195	636	623.818	21	20.141
gene-HO397_15200	519	472.755	0	0
gene-HO397_15205	444	362.342	7	11.5585
gene-HO397_15210	303	227.368	11	28.9456
gene-HO397_15215	504	540.24	10	11.0748
gene-HO397_15220	525	509.451	7	8.22083
gene-HO397_15225	996	949.755	0	0
gene-HO397_15230	879	822.613	1	0.727319
gene-HO397_15235	1008	1204.4	3	1.49029
gene-HO397_15240	1245	1466.76	15	6.11861
gene-HO397_15245	1890	1890.3	114	36.0824
gene-HO397_15250	81	40.8588	6	87.859
gene-HO397_15255	885	900.305	384	255.189
gene-HO397_15260	2136	2138.93	216	60.4196
gene-HO397_15265	270	228.873	25	65.3532
gene-HO397_15270	945	896.52	55	36.7048
gene-HO397_15275	402	324.455	9	16.5962
gene-HO397_15280	2673	2567.76	151	35.1838
gene-HO397_15285	1488	1420.39	160	67.3959
gene-HO397_15290	453	339.518	36	63.4395
rna-HO397_15295	77	37.2239	146	2346.67
gene-HO397_15300	1344	1450.29	23	9.48838
gene-HO397_15305	1626	1799.7	9	2.99201
rna-HO397_15310	87	46.3586	193	2490.85
gene-HO397_15315	333	287.283	22	45.8176
gene-HO397_15320	1338	1379.67	8	3.46924
gene-HO397_15325	849	948.431	15	9.4625
gene-HO397_15330	1935	1888.59	230	72.8636
gene-HO397_15335	630	549.995	120	130.54
gene-HO397_15340	294	256.792	107	249.3
gene-HO397_15345	477	518.312	11	12.6976
gene-HO397_15350	1434	1527.95	23	9.00616
gene-HO397_15355	1173	1285.51	83	38.6299
gene-HO397_15360	966	973.319	25	15.3676
gene-HO397_15365	258	208.365	16	45.9427
gene-HO397_15370	312	237.793	31	77.998
gene-HO397_15375	972	1016.27	42	24.7263
gene-HO397_15380	279	258.248	13	30.1181
gene-HO397_15385	1260	1162.73	22	11.3205
gene-HO397_15390	255	168.993	7	24.7828
gene-HO397_15395	294	263.448	11	24.9815
gene-HO397_15400	636	560.68	9	9.60391
gene-HO397_15405	552	521.377	10	11.4754
gene-HO397_15410	783	914.347	22	14.3957
gene-HO397_15415	810	861.312	50	34.732
gene-HO397_15420	978	836.273	54	38.6337
gene-HO397_15425	987	1032.96	44	25.4853
gene-HO397_15430	567	493.362	26	31.5303
gene-HO397_15435	576	583.98	25	25.6131
gene-HO397_15440	558	630.614	29	27.5141
gene-HO397_15445	726	862.013	26	18.046
gene-HO397_15450	1434	1558.24	77	29.5649
gene-HO397_15455	288	377.352	17	26.9539
gene-HO397_15460	492	544.831	7	7.68699
gene-HO397_15465	855	736.402	12	9.7496
gene-HO397_15470	273	297.372	5	10.0598
gene-HO397_15475	633	676.674	6	5.30508
gene-HO397_15480	729	853.305	21	14.7243
gene-HO397_15485	654	646.677	15	13.8779
gene-HO397_15490	2337	2478.49	362	87.3862
gene-HO397_15495	930	850.802	3	2.10966
gene-HO397_15500	4461	4644.65	78	10.0476
gene-HO397_15505	1419	1591.3	20	7.51968
gene-HO397_15510	480	536.028	9	10.0456
gene-HO397_15515	306	272.976	59	129.315
gene-HO397_15520	465	473.883	7	8.83787
gene-HO397_15525	876	812.073	1	0.736759
gene-HO397_15530	690	643.755	0	0
gene-HO397_15535	1491	1426.15	6	2.51714
gene-HO397_15540	894	820.605	13	9.47828
gene-HO397_15545	792	744.845	21	16.8684
gene-HO397_15550	1368	1369.47	8	3.49509
gene-HO397_15555	498	549.65	14	15.2392
gene-HO397_15560	639	643.553	33	30.6796
gene-HO397_15565	393	330.184	63	114.158
gene-HO397_15570	429	361.513	48	79.4398
gene-HO397_15575	1128	1074.25	13	7.24033
gene-HO397_15580	399	319.788	4	7.48373
gene-HO397_15585	1368	1297.65	16	7.37707
gene-HO397_15590	1068	1066.05	20	11.2247
gene-HO397_15595	939	860.71	44	30.5855
gene-HO397_15600	471	472.186	24	30.4101
gene-HO397_15605	264	183.673	21	68.4059
gene-HO397_15610	273	232.511	4	10.2929
gene-HO397_15615	1968	1904.19	21	6.59827
gene-HO397_15620	933	868.722	10	6.88715
gene-HO397_15625	204	188.512	6	19.0429
gene-HO397_15630	930	934.027	24	15.3735
gene-HO397_15635	1446	1660.14	10	3.60392
gene-HO397_15640	3801	4086.15	49	7.17467
gene-HO397_15645	1470	1508.07	62	24.5975
gene-HO397_15650	594	668.179	20	17.9084
gene-HO397_15655	489	583.439	20	20.5095
gene-HO397_15660	1104	949.206	21	13.2367
gene-HO397_15665	1044	934.669	28	17.9234
gene-HO397_15670	1941	2251.92	29	7.70487
gene-HO397_15675	975	894.544	8	5.35067
gene-HO397_15680	471	413.532	17	24.5958
gene-HO397_15685	1350	1310.75	36	16.4325
gene-HO397_15690	243	209.603	1	2.85445
gene-HO397_15695	1452	1461.54	9	3.68428
gene-HO397_15700	882	781.939	21	16.0682
gene-HO397_15705	966	1012.54	13	7.68161
gene-HO397_15710	297	251.586	1	2.37813
gene-HO397_15715	885	845.516	2	1.41523
gene-HO397_15720	180	154.318	6	23.2624
gene-HO397_15725	663	616.755	0	0
gene-HO397_15730	1158	1111.76	0	0
gene-HO397_15735	3105	3314.87	7	1.26343
gene-HO397_15740	222	139.754	1	4.2811
gene-HO397_15745	1026	1091.3	1	0.548246
gene-HO397_15750	1182	1347.41	2	0.888076
gene-HO397_15755	1104	1219	4	1.96325
gene-HO397_15760	759	791.866	2	1.51112
rna-HO397_15765	116	73.0415	6509.77	53323.2
rna-HO397_15770	76	36.3116	390.872	6440.37
rna-HO397_15775	116	73.0415	2427.21	19881.9
rna-HO397_15780	2934	3049.61	12232.1	2399.81
rna-HO397_15785	76	36.3116	662	10907.7
rna-HO397_15790	77	37.2239	976	15687.3
rna-HO397_15795	1554	1523.81	16169.5	6348.75
gene-HO397_15800	555	574.306	42	43.7548
gene-HO397_15805	258	233.079	85	218.191
gene-HO397_15810	819	825.276	12	8.69966
gene-HO397_15815	573	501.608	16	19.0843
gene-HO397_15820	543	571.096	74	77.5253
gene-HO397_15825	474	421.441	36	51.1077
gene-HO397_15830	1125	1196.74	22	10.9987
gene-HO397_15835	510	495.24	41	49.5323
gene-HO397_15840	948	1006.77	34	20.2054
gene-HO397_15845	1290	1283.58	21	9.78852
gene-HO397_15850	1377	1388.61	5	2.15431
gene-HO397_15855	411	404.369	15	22.1939
gene-HO397_15860	219	263.484	26	59.039
gene-HO397_15865	426	419.467	5	7.13169
gene-HO397_15870	369	320.393	10	18.674
gene-HO397_15875	384	350.55	232	395.966
gene-HO397_15880	990	1033.64	268	155.126
gene-HO397_15885	621	570.432	180	188.794
gene-HO397_15890	390	411.698	129	187.47
gene-HO397_15895	357	289.369	72	148.868
gene-HO397_15900	117	72.8589	16	131.389
gene-HO397_15905	1332	1458.41	1063	436.086
gene-HO397_15910	435	333.044	45	80.8408
gene-HO397_15915	180	128.793	29	134.718
gene-HO397_15920	504	510.215	71	83.258
gene-HO397_15925	354	360.496	159	263.886
gene-HO397_15930	534	452.569	106	140.133
gene-HO397_15935	393	375.756	145	230.878
gene-HO397_15940	306	273.354	222	485.901
gene-HO397_15945	540	650.993	289	265.609
gene-HO397_15950	315	297.513	47	94.5174
gene-HO397_15955	372	363.351	233	383.663
gene-HO397_15960	255	248.961	169	406.141
gene-HO397_15965	192	105.289	137	778.499
gene-HO397_15970	411	401.263	84	125.248
gene-HO397_15975	702	634.144	228	215.114
gene-HO397_15980	333	307.055	102	198.749
gene-HO397_15985	279	213.875	60	167.846
gene-HO397_15990	822	703.018	157	133.615
gene-HO397_15995	303	250.589	159	379.626
gene-HO397_16000	606	513.194	176	205.188
gene-HO397_16005	630	530.394	63	71.0661
gene-HO397_16010	312	223.088	75	201.144
gene-HO397_16015	420	346.145	3	5.18542
gene-HO397_16020	1470	1437.5	8	3.32968
gene-HO397_16025	816	937.617	2	1.27622
gene-HO397_16030	1017	975.897	4	2.45231
gene-HO397_16035	1482	1555.22	9	3.46235
gene-HO397_16040	1197	1194.53	6	3.00521
gene-HO397_16045	438	404.463	1	1.47925
gene-HO397_16050	510	446.023	4	5.36566
gene-HO397_16055	378	376.604	1	1.58868
gene-HO397_16060	588	537.237	6	6.68199
gene-HO397_16065	984	1013.77	7	4.13124
gene-HO397_16070	1164	1297.38	10	4.6116
gene-HO397_16075	462	415.755	0	0
gene-HO397_16080	678	724.589	1	0.825712
gene-HO397_16085	477	568.129	12	12.6373
gene-HO397_16090	195	129.939	2	9.20897
gene-HO397_16095	2061	2282.53	16	4.19396
gene-HO397_16100	1185	1162.54	331.791	170.756
gene-HO397_16105	2115	2220.61	317	85.4096
gene-HO397_16110	471	424.948	94	132.346
gene-HO397_16115	375	431.118	18	24.9802
gene-HO397_16120	288	248.196	39	94.0137
gene-HO397_16125	360	335.681	8	14.2588
gene-HO397_16130	387	260.953	7	16.0493
gene-HO397_16135	723	715.328	30	25.0921
gene-HO397_16140	813	817.159	18	13.1791
gene-HO397_16145	219	204.111	3	8.79376
gene-HO397_16150	591	517.935	21	24.2585
gene-HO397_16155	201	132.057	1	4.53065
gene-HO397_16160	1806	2090.88	29	8.2983
gene-HO397_16165	552	504.522	4	4.74352
gene-HO397_16170	1914	1921.89	18	5.60355
gene-HO397_16175	1023	1071.23	6	3.35111
gene-HO397_16180	219	145.181	7	28.8475
gene-HO397_16185	870	907.265	4	2.63783
gene-HO397_16190	405	347.458	21	36.1608
gene-HO397_16195	633	634.388	27	25.4641
gene-HO397_16200	2091	2177.9	23	6.31844
gene-HO397_16205	1221	1243.87	16	7.69601
gene-HO397_16210	564	545.179	5	5.48721
gene-HO397_16215	603	515.435	1	1.16077
gene-HO397_16220	168	122.832	0	0
gene-HO397_16225	573	605.522	1	0.988077
gene-HO397_16230	1182	1229.76	8	3.89215
gene-HO397_16235	2544	2490.47	5	1.20118
gene-HO397_16240	327	280.819	0	0
gene-HO397_16245	807	763.436	2	1.56739
gene-HO397_16250	1374	1340.56	15	6.69459
gene-HO397_16255	168	170.009	7	24.6346
gene-HO397_16260	1389	1342.76	0	0
gene-HO397_16265	1023	1055.32	3	1.70081
gene-HO397_16270	831	784.755	0	0
gene-HO397_16275	786	913.504	1	0.654953
gene-HO397_16280	732	679.522	4	3.5219
gene-HO397_16285	621	574.755	0	0
gene-HO397_16290	698	707.377	0	0
gene-HO397_16295	474	358.351	2	3.33919
gene-HO397_16300	1305	1258.76	0	0
gene-HO397_16305	354	388.097	3	4.62489
gene-HO397_16310	879	1063.75	1	0.562448
gene-HO397_16315	1227	1180.76	0	0
gene-HO397_16320	1164	1117.76	0	0
gene-HO397_16325	363	316.787	0	0
gene-HO397_16330	906	996.803	2	1.20044
gene-HO397_16335	1005	954.693	14	8.77374
gene-HO397_16340	759	706.935	1	0.846332
gene-HO397_16345	678	686.711	13	11.3263
gene-HO397_16350	837	789.08	15	11.3734
gene-HO397_16355	1287	1338.86	40	17.875
gene-HO397_16360	1089	958.782	19	11.8564
gene-HO397_16365	522	467.369	23	29.4435
gene-HO397_16370	1239	1277.3	3	1.40523
gene-HO397_16375	405	358.755	0	0
gene-HO397_16380	441	394.755	0	0
gene-HO397_16385	540	512.043	1	1.16846
gene-HO397_16390	780	650.13	8	7.36225
gene-HO397_16395	2553	2718.98	30	6.60141
gene-HO397_16400	561	618.294	94	90.9607
gene-HO397_16405	2136	2348.9	32	8.15091
gene-HO397_16410	669	648.524	18	16.6061
gene-HO397_16415	402	338.988	10	17.6497
gene-HO397_16420	879	797.348	19	14.2569
gene-HO397_16425	1725	1716.42	19	6.62292
gene-HO397_16430	1623	1608.9	10	3.71869
gene-HO397_16435	1353	1394.97	24	10.2936
gene-HO397_16440	720	726.325	54	44.4819
gene-HO397_16445	477	516.721	7	8.10517
gene-HO397_16450	2322	2286.85	12	3.13953
gene-HO397_16455	228	167.261	1	3.57705
gene-HO397_16460	2322	2411.31	14	3.47373
gene-HO397_16465	237	160.883	5	18.5943
gene-HO397_16470	879	1001.63	2	1.19466
gene-HO397_16475	771	644.699	9	8.35229
gene-HO397_16480	684	566.259	12	12.679
gene-HO397_16485	576	620.011	10	9.64987
gene-HO397_16490	1317	1151.27	27	14.0316
gene-HO397_16495	2085	2079.8	8	2.30138
gene-HO397_16500	2394	2646.17	7	1.58271
gene-HO397_16505	2706	3018.31	21	4.16271
gene-HO397_16510	1017	815.907	5	3.66648
gene-HO397_16515	1227	1180.76	0	0
gene-HO397_16520	1599	1722.68	12	4.1677
gene-HO397_16525	759	820.079	12	8.7548
gene-HO397_16530	831	940.529	19	12.0865
gene-HO397_16535	327	288.691	13	26.9421
gene-HO397_16540	1506	1470.41	64	26.0412
gene-HO397_16545	603	703.541	3	2.55124
gene-HO397_16550	993	1198.41	5	2.49624
gene-HO397_16555	1509	1766.11	4	1.35507
gene-HO397_16560	2448	2536.64	41	9.67043
gene-HO397_16565	1434	1729.57	13	4.49703
gene-HO397_16570	1296	1382.57	14	6.05843
gene-HO397_16575	1974	2008.43	34	10.1284
gene-HO397_16580	2187	2333.62	14	3.58938
gene-HO397_16585	1104	1099.75	63	34.2742
gene-HO397_16590	594	542.444	4	4.41189
gene-HO397_16595	1341	1289.34	17	7.88866
gene-HO397_16600	528	478.987	12	14.9892
gene-HO397_16605	996	1087.09	27	14.86
gene-HO397_16610	696	651.791	3	2.75381
gene-HO397_16615	1038	1168.81	2	1.02378
gene-HO397_16620	489	497.149	2	2.40693
gene-HO397_16625	1179	1534.5	1	0.389899
gene-HO397_16630	495	448.755	0	0
gene-HO397_16635	156	111.224	0	0
gene-HO397_16640	285	308.361	4	7.76107
gene-HO397_16645	1743	1616.62	4	1.48038
gene-HO397_16650	441	350.806	4	6.82203
gene-HO397_16655	744	655.185	7	6.39226
gene-HO397_16660	1071	1029.76	3	1.74304
gene-HO397_16665	846	799.755	0	0
gene-HO397_16670	888	841.755	0	0
gene-HO397_16675	1317	1162.1	2	1.02969
gene-HO397_16680	714	640.644	1	0.933907
gene-HO397_16685	768	721.755	0	0
gene-HO397_16690	1278	1291.32	6	2.77995
gene-HO397_16695	927	824.281	1	0.725847
gene-HO397_16700	1110	1114.47	4	2.1474
gene-HO397_16705	384	305.62	1	1.95766
gene-HO397_16710	1104	915.037	6	3.92313
gene-HO397_16715	855	783.858	28	21.3718
gene-HO397_16720	1059	1019.01	28	16.44
gene-HO397_16725	669	626.673	31	29.5965
gene-HO397_16730	1497	1592.06	38	14.2805
gene-HO397_16735	597	568.386	6	6.3158
gene-HO397_16740	270	357.389	3	5.02227
gene-HO397_16745	360	330.858	2	3.61667
gene-HO397_16750	627	466.448	9	11.5441
gene-HO397_16755	2199	2081.23	55	15.8111
gene-HO397_16760	246	172.699	7	24.2509
gene-HO397_16765	666	560.634	4	4.26875
gene-HO397_16770	558	568.688	11	11.5728
gene-HO397_16775	1218	1264.27	19	8.99155
gene-HO397_16780	1050	1079.93	2	1.10804
gene-HO397_16785	588	557.224	12	12.8846
gene-HO397_16790	1575	1549.37	4	1.54464
gene-HO397_16795	945	898.755	0	0
gene-HO397_16800	834	787.755	0	0
gene-HO397_16805	765	692.188	1	0.864364
gene-HO397_16810	807	664.046	1	0.900995
gene-HO397_16815	402	387.912	2	3.08473
gene-HO397_16820	4236	4078.65	12.1202	1.77792
gene-HO397_16825	384	337.755	0	0
gene-HO397_16830	261	214.844	0	0
gene-HO397_16835	1137	1438.23	5.31344	2.21039
gene-HO397_16840	1125	1132.47	9	4.75482
gene-HO397_16845	2736	2804.81	31	6.61269
gene-HO397_16850	1068	1118.29	15	8.02519
gene-HO397_16855	1623	1951.49	1	0.306587
gene-HO397_16860	1608	1959.56	3	0.915972
gene-HO397_16865	1053	1096.81	7	3.81844
gene-HO397_16870	1203	1375.26	16	6.96076
gene-HO397_16875	1500	1442.99	16	6.63404
gene-HO397_16880	336	354.317	2	3.37721
gene-HO397_16885	435	386.777	49	75.7977
gene-HO397_16890	1470	1669.17	14	5.01821
gene-HO397_16895	753	797.75	4	2.99995
gene-HO397_16900	2043	2014.72	17	5.0484
gene-HO397_16905	843	796.755	0	0
gene-HO397_16910	1353	1473.59	9	3.65415
gene-HO397_16915	84	43.6458	10	137.081
gene-HO397_16920	354	307.819	0	0
gene-HO397_16925	1290	1255.83	1	0.47642
gene-HO397_16930	426	454.587	2	2.63229
gene-HO397_16935	1224	1177.76	0	0
gene-HO397_16940	567	597.932	4	4.00248
gene-HO397_16945	531	592.057	10	10.1055
gene-HO397_16950	648	629.191	5	4.75453
gene-HO397_16955	327	362.834	2	3.29794
gene-HO397_16960	333	271.209	1	2.20606
gene-HO397_16965	573	596.99	14	14.0308
gene-HO397_16970	528	481.755	0	0
gene-HO397_16975	279	233.538	3	7.6857
gene-HO397_16980	1158	1041.36	2	1.14908
gene-HO397_16985	3114	3225.89	4	0.741876
gene-HO397_16990	729	902.137	3	1.98962
gene-HO397_16995	825	986.011	19	11.529
gene-HO397_17000	1401	1555.76	4.5378	1.74512
gene-HO397_17005	1398	1552.83	3	1.15589
gene-HO397_17010	1650	1689.03	3	1.06269
gene-HO397_17015	603	552.609	6	6.49611
gene-HO397_17020	972	1051	13	7.40052
gene-HO397_17025	1014	1007.43	8	4.75113
gene-HO397_17030	1323	1466.33	4	1.6321
gene-HO397_17035	2061	1927.32	5	1.55216
gene-HO397_17040	768	721.755	0	0
gene-HO397_17045	930	872.383	7	4.80077
gene-HO397_17050	1497	1611.72	20	7.42438
gene-HO397_17055	1287	1283.45	16	7.45867
gene-HO397_17060	1989	2125.34	17	4.78566
gene-HO397_17065	3474	3253.28	26	4.78159
gene-HO397_17070	1107	986.942	17	10.3057
gene-HO397_17075	2340	2456.09	25	6.08999
gene-HO397_17080	2619	2652.77	29	6.54061
gene-HO397_17085	753	621.471	39	37.546
gene-HO397_17090	189	200.626	9	26.8396
gene-HO397_17095	1572	1583.37	115	43.4546
gene-HO397_17100	192	146.257	0	0
gene-HO397_17105	1680	1641.07	6	2.18748
gene-HO397_17110	108	95.5762	14.5898	91.3316
gene-HO397_17115	108	95.5076	3.17902	19.9148
gene-HO397_17120	108	96.6083	1.23115	7.62461
gene-HO397_17125	1272	1337.9	7	3.13036
gene-HO397_17130	1005	996.024	6	3.60414
gene-HO397_17135	984	905.056	4	2.64426
gene-HO397_17140	903	767.951	2	1.55818
gene-HO397_17145	1020	973.755	0	0
gene-HO397_17150	1608	1838.51	57	18.5493
rna-HO397_17155	134	106.708	4	22.4276
rna-HO397_17160	77	54.0502	315	3486.86
gene-HO397_17165	1692	2110.68	7	1.98425
gene-HO397_17170	1209	1236.27	2	0.967913
gene-HO397_17175	699	808.958	2	1.47919
gene-HO397_17180	564	544.341	2	2.19826
gene-HO397_17185	441	465.338	8	10.2859
gene-HO397_17190	2334	2447.91	22	5.37709
gene-HO397_17195	660	707.2	3	2.53805
gene-HO397_17200	975	1092.67	9	4.92806
gene-HO397_17205	711	718.106	11	9.16483
gene-HO397_17210	291	308.157	1	1.94155
gene-HO397_17215	213	137.649	180	782.386
gene-HO397_17220	153	152.225	1	3.93038
gene-HO397_17225	1370	1496.47	12.4255	4.96782
gene-HO397_17230	2070	1945.39	24	7.38116
gene-HO397_17235	912	809.515	16	11.8254
gene-HO397_17240	300	246.157	1	2.43057
gene-HO397_17245	996	1275.35	10	4.69129
gene-HO397_17250	438	587.766	8	8.1434
gene-HO397_17255	342	295.819	0	0
gene-HO397_17260	1455	1472.47	7	2.84428
gene-HO397_17265	1323	1334.6	2	0.896603
gene-HO397_17270	993	1198.63	8	3.99325
gene-HO397_17275	1541	1808.32	11	3.63948
gene-HO397_17280	1182	1431.02	1	0.418095
gene-HO397_17285	1179	1331.48	7	3.14545
gene-HO397_17290	825	978.271	21	12.8434
gene-HO397_17295	2031	2285.77	5	1.30875
gene-HO397_17300	1254	1415.86	17	7.18372
gene-HO397_17305	474	422.342	6	8.49978
gene-HO397_17310	849	990.759	41	24.7592
gene-HO397_17315	999	952.755	0	0
gene-HO397_17320	468	479.686	2	2.49456
gene-HO397_17325	474	470.724	1	1.27103
gene-HO397_17330	1278	1233.79	5	2.42465
gene-HO397_17335	987	968.985	1	0.617453
gene-HO397_17340	1497	1406.41	16	6.80655
gene-HO397_17345	663	616.755	0	0
gene-HO397_17350	861	809.955	1	0.738686
gene-HO397_17355	696	675.314	4	3.54384
gene-HO397_17360	816	781.742	3	2.29603
gene-HO397_17365	1401	1354.76	0	0
gene-HO397_17370	1980	2192.38	2	0.5458
gene-HO397_17375	741	869.708	4	2.75174
gene-HO397_17380	975	1133.06	26	13.7291
gene-HO397_17385	1137	1130.13	1	0.529412
gene-HO397_17390	324	262.565	1	2.27868
gene-HO397_17395	144	99.7069	0	0
gene-HO397_17400	1539	1663.49	2	0.719333
gene-HO397_17405	1152	1186.85	1	0.504108
gene-HO397_17410	1845	2057.43	2	0.581602
gene-HO397_17415	1392	1322.46	3	1.35725
gene-HO397_17420	609	572.269	3	3.13647
gene-HO397_17425	582	590.921	4.56663	4.62367
gene-HO397_17430	843	965.207	8	4.95895
gene-HO397_17435	834	1033.95	7.53429	4.35977
gene-HO397_17440	462	415.755	0	0
gene-HO397_17445	438	391.755	0	0
gene-HO397_17450	1137	1106.36	4	2.16314
gene-HO397_17455	363	354.508	4	6.75079
gene-HO397_17460	1914	1871.31	7	2.23806
gene-HO397_17465	1149	1052.54	7	3.97905
gene-HO397_17470	588	594.209	41	41.2824
gene-HO397_17475	210	181.546	3	9.88678
gene-HO397_17480	363	395.758	11	16.6297
gene-HO397_17485	684	637.755	0	0
gene-HO397_17490	4851	4860.71	23	2.83106
gene-HO397_17495	1656	1393.38	20	8.58779
gene-HO397_17500	777	723.799	33	27.2782
gene-HO397_17505	1191	1216.29	6	2.95144
gene-HO397_17510	474	404.518	13	19.2276
gene-HO397_17515	822	844.194	18	12.7571
gene-HO397_17520	1020	981.913	185	112.725
gene-HO397_17525	468	393.188	6	9.13002
gene-HO397_17530	252	223.935	4	10.6871
gene-HO397_17535	432	463.289	9	11.6228
gene-HO397_17540	1545	1586.78	18	6.78696
gene-HO397_17545	1284	1161.12	49	25.2487
gene-HO397_17550	960	1124.7	126	67.0277
gene-HO397_17555	1035	1115.35	200	107.285
gene-HO397_17560	1026	1062.26	15	8.44855
gene-HO397_17565	1197	1249.35	8	3.83112
gene-HO397_17570	933	850.543	10	7.03435
gene-HO397_17575	1047	1319.5	8	3.62746
gene-HO397_17580	981	966.658	2	1.23788
gene-HO397_17585	1254	1453.23	5	2.05853
gene-HO397_17590	984	1243.27	5	2.40617
gene-HO397_17595	1026	1274.87	5	2.34653
gene-HO397_17600	693	843.092	5	3.54826
gene-HO397_17605	504	641.431	3	2.79828
gene-HO397_17610	698	715.678	0.000130654	0.000109226
gene-HO397_17615	498	644.904	3	2.78322
gene-HO397_17620	1017	1102.56	13	7.05443
gene-HO397_17625	798	925.486	24	15.5154
gene-HO397_17630	1125	1375.84	24	10.4367
gene-HO397_17635	1059	1223.68	16	7.82301
gene-HO397_17640	1278	1333.48	9	4.03809
gene-HO397_17645	480	396.627	5	7.54238
gene-HO397_17650	810	760.267	5	3.93482
gene-HO397_17655	168	177.681	7	23.571
gene-HO397_17660	237	192.199	24	74.7104
gene-HO397_17665	669	880.511	16	10.8719
gene-HO397_17670	1221	1154.3	9	4.66493
gene-HO397_17675	459	436.686	7	9.59067
gene-HO397_17680	597	593.113	3	3.02624
gene-HO397_17685	642	669.013	2	1.78861
gene-HO397_17690	717	708.96	11	9.28307
gene-HO397_17695	864	848.788	4	2.81956
gene-HO397_17700	141	92.8517	2	12.8873
gene-HO397_17705	825	882.054	2	1.35661
gene-HO397_17710	618	589.716	1	1.01456
gene-HO397_17715	1683	1625.58	9	3.31249
gene-HO397_17720	624	818.227	23	16.818
gene-HO397_17725	276	177.443	12	40.4617
gene-HO397_17730	2109	2126.13	61	17.1657
gene-HO397_17735	690	787.57	2	1.51936
gene-HO397_17740	2082	2445.52	129	31.5601
gene-HO397_17745	867	844.146	235	166.56
gene-HO397_17750	1206	1197.75	152	75.9273
gene-HO397_17755	1392	1483.51	3	1.20991
gene-HO397_17760	1710	1705.68	30	10.5231
gene-HO397_17765	2319	2316.78	8	2.06597
gene-HO397_17770	1383	1553.8	3	1.15518
rna-HO397_17775	95	53.573	1292	14429
gene-HO397_17780	1185	1339.22	16	7.14808
gene-HO397_17785	1044	1292.39	8	3.70355
gene-HO397_17790	1071	1189.15	7	3.52195
gene-HO397_17795	1302	1726.35	4	1.38628
gene-HO397_17800	2382	2802.65	52	11.1008
gene-HO397_17805	486	480.928	4	4.97623
gene-HO397_17810	1014	863.006	5	3.46638
gene-HO397_17815	347	266.352	5	11.2314
gene-HO397_17820	420	405.326	7	10.3327
gene-HO397_17825	156	122.816	10	48.7153
gene-HO397_17830	381	367.718	18	29.2872
gene-HO397_17835	3498	4320.74	66	9.13915
gene-HO397_17840	206	139.253	9	38.6687
gene-HO397_17845	201	209.619	2	5.70847
gene-HO397_17850	249	190.511	1	3.14051
gene-HO397_17855	1047	1145.08	12	6.26997
gene-HO397_17860	366	270.601	1	2.21101
gene-HO397_17865	489	442.755	0	0
gene-HO397_17870	198	118.344	1	5.05561
gene-HO397_17875	846	764.658	14	10.9542
gene-HO397_17880	147	180.455	3	9.94654
gene-HO397_17885	1185	1296.09	6	2.76973
gene-HO397_17890	924	917.527	12	7.82498
gene-HO397_17895	819	900.745	7	4.64961
gene-HO397_17900	294	334.261	7	12.5295
gene-HO397_17905	1191	1269.46	3	1.41391
gene-HO397_17910	453	393.553	10	15.2026
gene-HO397_17915	1335	1349.54	3	1.33001
gene-HO397_17920	1767	1811.22	26	8.58862
gene-HO397_17925	1392	1411.6	3	1.27154
gene-HO397_17930	1320	1347.5	9	3.99608
gene-HO397_17935	1503	1250.15	4	1.91434
gene-HO397_17940	591	561.402	34	36.2347
gene-HO397_17945	291	244.844	0	0
gene-HO397_17950	1689	1572.66	3	1.14132
gene-HO397_17955	99	42.8279	7	97.7894
gene-HO397_17960	90	99.9059	1	5.98866
gene-HO397_17965	1185	1181.31	43	21.7784
gene-HO397_17970	498	504.324	14	16.6088
gene-HO397_17975	363	316.787	0	0
gene-HO397_17980	348	427.561	3	4.19801
gene-HO397_17985	450	393.974	1	1.51863
gene-HO397_17990	1494	1535.43	8	3.11731
gene-HO397_17995	1716	1793.45	1	0.333604
gene-HO397_18000	894	1098.72	7	3.81181
gene-HO397_18005	1323	1280.7	10	4.67168
gene-HO397_18010	1617	1684.49	2	0.710364
gene-HO397_18015	638	643.887	15	13.9381
gene-HO397_18020	1662	1566.5	17	6.4929
gene-HO397_18025	429	490.706	2	2.43854
gene-HO397_18030	414	453.274	50	65.9979
gene-HO397_18035	333	251.835	3	7.12732
gene-HO397_18040	1248	1543.07	4	1.55094
gene-HO397_18045	1065	1141.19	2	1.04855
gene-HO397_18050	1338	1300.04	2	0.920439
gene-HO397_18055	1149	1226.77	3	1.46312
gene-HO397_18060	618	491.428	2	2.43495
gene-HO397_18065	879	973.034	5	3.07441
gene-HO397_18070	690	625.37	1	0.956717
gene-HO397_18075	657	806.24	5	3.71045
gene-HO397_18080	813	1024.83	9	5.25423
gene-HO397_18085	408	441.698	4	5.4182
gene-HO397_18090	2415	2234.03	48	12.855
gene-HO397_18095	1074	939.491	53	33.7523
gene-HO397_18100	1101	1190.98	58	29.137
gene-HO397_18105	1404	1356.46	72	31.7574
gene-HO397_18110	81	40.8588	2	29.2863
gene-HO397_18115	141	75.7546	35	276.426
gene-HO397_18120	360	448.265	8	10.6777
gene-HO397_18125	258	321.112	5	9.31611
gene-HO397_18130	1647	1638.55	38	13.8754
gene-HO397_18135	1365	1183.04	10	5.05733
gene-HO397_18140	75	41.4356	2	28.8787
gene-HO397_18145	1416	1577.69	2	0.758452
gene-HO397_18150	1248	1384.85	3	1.2961
gene-HO397_18155	1176	1129.76	0	0
gene-HO397_18160	960	836.701	8	5.72058
gene-HO397_18165	750	793.76	15	11.3063
gene-HO397_18170	567	596.824	4	4.0099
gene-HO397_18175	1338	1324.49	26	11.7448
gene-HO397_18180	666	625.029	4	3.82895
gene-HO397_18185	474	529.882	9	10.1621
gene-HO397_18190	588	715.053	8	6.69379
gene-HO397_18195	723	907.12	3	1.97869
gene-HO397_18200	1170	1206.12	4	1.98422
gene-HO397_18205	1617	1890.84	9	2.84779
gene-HO397_18210	1395	1558.62	3	1.1516
gene-HO397_18215	1878	2061.96	1	0.290162
gene-HO397_18220	837	1075.02	1	0.556551
gene-HO397_18225	726	631.671	5	4.73587
gene-HO397_18230	774	653.718	11	10.0675
gene-HO397_18235	891	706.981	10	8.46277
gene-HO397_18240	960	921.386	10	6.4935
gene-HO397_18245	1041	1214.32	7	3.44892
gene-HO397_18250	1830	1932.5	80	24.768
gene-HO397_18255	1371	1391.79	55	23.6434
gene-HO397_18260	420	346.936	24	41.3888
gene-HO397_18265	1383	1285.15	13	6.05217
gene-HO397_18270	864	857.765	37	25.808
gene-HO397_18275	1542	1484.83	44	17.7295
gene-HO397_18280	534	522.708	24	27.4709
gene-HO397_18285	471	492.489	14	17.008
gene-HO397_18290	240	162.133	96	354.259
gene-HO397_18295	816	722.951	191	158.068
gene-HO397_18300	381	299.187	43	85.9895
gene-HO397_18305	624	663.215	8	7.21699
gene-HO397_18310	1890	1961.5	52	15.8612
gene-HO397_18315	444	480.58	110	136.945
gene-HO397_18320	459	488.358	6	7.35078
gene-HO397_18325	993	991.773	28	16.8914
gene-HO397_18330	1452	1557.57	4	1.5365
gene-HO397_18335	1497	1756.98	3	1.02159
gene-HO397_18340	1869	2081.3	3	0.862397
gene-HO397_18345	192	143.224	18	75.1931
gene-HO397_18350	1370	1496.47	12.4255	4.96782
gene-HO397_18355	255	208.865	0	0
gene-HO397_18360	1506	1508.92	1	0.39651
gene-HO397_18365	966	919.755	0	0
gene-HO397_18370	891	904.449	19	12.5687
gene-HO397_18375	930	883.755	0	0
gene-HO397_18380	993	1070.28	14	7.82622
gene-HO397_18385	1428	1787.94	15	5.01948
gene-HO397_18390	693	679.58	14	12.3256
rna-HO397_18395	1554	1520.16	5053.16	1988.81
rna-HO397_18400	76	36.3116	145.75	2401.51
rna-HO397_18405	2932	3031.41	15028.1	2966.07
rna-HO397_18410	116	73.0415	3965.5	32482.5
rna-HO397_18415	77	37.2239	269.333	4329.01
rna-HO397_18420	76	36.3116	1155	19030.8
gene-HO397_18425	840	859.071	13	9.05388
gene-HO397_18430	339	356.899	23	38.557
gene-HO397_18435	1521	1607.51	4	1.48877
gene-HO397_18440	99	50.6883	66	779.035
gene-HO397_18445	51	14.8811	3	120.617
gene-HO397_18450	1647	1711.08	16	5.5946
gene-HO397_18455	264	239.608	1	2.497
gene-HO397_18460	930	988.326	7	4.23758
gene-HO397_18465	1851	1723.43	9	3.12442
gene-HO397_18470	1545	1467.9	16	6.52143
gene-HO397_18475	894	767.163	4	3.11956
gene-HO397_18480	1476	1368.08	13	5.68528
gene-HO397_18485	282	186.464	3	9.62602
gene-HO397_18490	449	527.284	4	4.53875
gene-HO397_18495	2022	1977.92	7	2.11743
gene-HO397_18500	1485	1313.69	31	14.1185
gene-HO397_18505	1266	1336.15	51	22.8369
gene-HO397_18510	330	252.165	119	282.347
gene-HO397_18515	102	64.6773	15	138.759
gene-HO397_18520	1260	1256.67	54	25.7094
gene-HO397_18525	1104	1218.25	49	24.0646
gene-HO397_18530	1047	1072.93	19	10.5951
gene-HO397_18535	1131	1326.53	8	3.60823
gene-HO397_18540	1263	1272.23	10	4.70279
gene-HO397_18545	1068	1068.99	9	5.03719
gene-HO397_18550	882	866.04	2	1.3817
gene-HO397_18555	675	626.229	5	4.77702
gene-HO397_18560	1131	1097.7	8	4.36042
gene-HO397_18565	1251	1380.79	9	3.89973
gene-HO397_18570	1080	1043.33	9	5.16109
gene-HO397_18575	1353	1316.18	11	5.00031
gene-HO397_18580	741	711.876	3	2.52137
gene-HO397_18585	1386	1469.92	4	1.62812
rna-HO397_18590	77	37.2239	40	642.923
rna-HO397_18595	76	36.3116	1479	24369.3
rna-HO397_18600	87	46.3586	243.852	3147.15
rna-HO397_18605	77	37.2239	84	1350.14
gene-HO397_18610	1236	1264.64	4	1.8924
gene-HO397_18615	1656	1921.05	7	2.18012
gene-HO397_18620	1197	1157.36	16	8.27129
gene-HO397_18625	1206	1193.26	13	6.51822
gene-HO397_18630	741	660.597	13	11.7741
gene-HO397_18635	942	859.051	16	11.1435
gene-HO397_18640	2547	2781.64	124	26.6711
gene-HO397_18645	321	304.979	10	19.6178
gene-HO397_18650	264	217.844	0	0
gene-HO397_18655	204	175.801	14	47.646
gene-HO397_18660	825	745.991	24	19.2486
gene-HO397_18665	708	699.002	14	11.9831
gene-HO397_18670	897	952.894	14	8.7903
gene-HO397_18675	717	704.577	2	1.69833
gene-HO397_18680	2163	2241.65	39	10.4092
gene-HO397_18685	903	825.101	13	9.42663
gene-HO397_18690	765	718.755	0	0
gene-HO397_18695	951	944.91	16.6813	10.5624
gene-HO397_18700	492	445.755	0	0
gene-HO397_18705	849	1030.25	1	0.580737
gene-HO397_18710	198	159.703	1.31867	4.94018
gene-HO397_18715	381	334.755	0	0
gene-HO397_18720	417	509.065	3	3.52589
gene-HO397_18725	891	831.808	6	4.31567
gene-HO397_18730	468	432.105	19	26.3078
gene-HO397_18735	870	1068.93	4	2.23888
gene-HO397_18740	1830	1806.75	11	3.64264
gene-HO397_18745	621	761.328	4	3.14346
gene-HO397_18750	621	617.335	1	0.96917
gene-HO397_18755	1023	1288.83	24	11.1413
gene-HO397_18760	801	796.661	4	3.00405
gene-HO397_18765	900	1071.1	8.94602	4.99711
gene-HO397_18770	954	892.118	24.054	16.1319
gene-HO397_18775	2262	2355.43	10	2.5401
gene-HO397_18780	897	906.487	5	3.30011
gene-HO397_18785	1224	1498.94	5	1.99575
gene-HO397_18790	390	343.755	0	0
gene-HO397_18795	957	910.755	0	0
gene-HO397_18800	1425	1306.62	3	1.3737
gene-HO397_18805	1560	1477.54	2	0.809862
gene-HO397_18810	861	988.378	3	1.81601
gene-HO397_18815	669	809.125	2	1.47889
gene-HO397_18820	810	944.648	2	1.26672
gene-HO397_18825	765	727.23	5	4.11357
gene-HO397_18830	1491	1560.37	11	4.2178
gene-HO397_18835	507	372.329	1	1.60692
gene-HO397_18840	975	825.695	4	2.89842
gene-HO397_18845	630	596.135	1	1.00364
gene-HO397_18850	1005	958.755	0	0
gene-HO397_18855	768	834.92	4	2.86639
gene-HO397_18860	1428	1364.39	4	1.75405
gene-HO397_18865	756	777.215	19	14.6262
gene-HO397_18870	606	479.874	4	4.98716
gene-HO397_18875	1641	1771.24	14	4.72901
gene-HO397_18880	270	200.605	9	26.8424
gene-HO397_18885	516	438.492	9	12.2801
gene-HO397_18890	777	785.256	18	13.7145
gene-HO397_18895	783	811.515	6	4.42359
gene-HO397_18900	489	495.562	8	9.65857
gene-HO397_18905	1494	1575.38	184	69.8801
gene-HO397_18910	702	769.081	18	14.003
gene-HO397_18915	1164	1245.9	6	2.8813
gene-HO397_18920	2190	2253.39	30	7.96537
gene-HO397_18925	1332	1481.19	23	9.29046
gene-HO397_18930	615	647.875	3	2.77045
gene-HO397_18935	1452	1850.09	35	11.3187
gene-HO397_18940	546	521.305	25	28.6925
rna-HO397_18945	1554	1536.68	9628.53	3748.83
rna-HO397_18950	77	37.2239	976	15687.3
rna-HO397_18955	76	36.3116	662	10907.7
rna-HO397_18960	2925	2978.34	17007.7	3416.58
rna-HO397_18965	116	73.0415	3965.5	32482.5
gene-HO397_18970	528	492.061	9	10.9432
gene-HO397_18975	585	585.831	6	6.12772
gene-HO397_18980	270	234.007	14	35.7947
gene-HO397_18985	987	1088.85	35	19.2318
gene-HO397_18990	627	779.787	2	1.53453
gene-HO397_18995	1431	1616.46	15	5.55197
gene-HO397_19000	933	881.092	13	8.8276
gene-HO397_19005	2787	2860.04	20	4.18387
gene-HO397_19010	633	600.875	16	15.9315
gene-HO397_19015	510	524.086	4	4.56644
gene-HO397_19020	1374	1601.29	20	7.47276
gene-HO397_19025	111	67.0838	2	17.8375
gene-HO397_19030	1410	1460.38	5	2.04845
gene-HO397_19035	1050	928.638	3	1.93284
gene-HO397_19040	1410	1519.46	9	3.54385
gene-HO397_19045	1824	2019.72	145	42.9533
gene-HO397_19050	711	646.541	8	7.40311
gene-HO397_19055	981	1023.44	14	8.1844
gene-HO397_19060	1266	1624.8	3	1.10469
gene-HO397_19065	693	830.91	5	3.60028
gene-HO397_19070	1404	1643.93	7	2.54762
gene-HO397_19075	1386	1507.4	1	0.39691
gene-HO397_19080	1965	2223.04	2	0.538273
gene-HO397_19085	927	1029.13	9	5.23231
gene-HO397_19090	1242	1277.58	5	2.34154
gene-HO397_19095	879	832.755	0	0
gene-HO397_19100	897	950.779	1	0.629275
gene-HO397_19105	897	850.755	0	0
gene-HO397_19110	786	796.682	10	7.50992
gene-HO397_19115	600	617.565	2	1.93762
gene-HO397_19120	873	887.615	12	8.08867
gene-HO397_19125	438	342.607	7	12.2243
gene-HO397_19130	942	1039.64	3	1.72646
gene-HO397_19135	219	172.997	0	0
gene-HO397_19140	243	186.825	1	3.20247
gene-HO397_19145	930	983.383	28	17.0355
gene-HO397_19150	636	662.967	20	18.0492
gene-HO397_19155	903	887.062	302	203.692
gene-HO397_19160	3051	3331.5	125	22.4487
gene-HO397_19165	834	894.593	10	6.68798
gene-HO397_19170	1056	1212.51	3	1.48032
gene-HO397_19175	1749	1848.1	3	0.971215
gene-HO397_19180	1071	1024.76	0	0
gene-HO397_19185	1452	1724.31	6	2.08189
gene-HO397_19190	447	400.755	0	0
gene-HO397_19195	1395	1701.05	13	4.57242
gene-HO397_19200	315	334.654	3	5.36346
gene-HO397_19205	825	862.599	2	1.38721
gene-HO397_19210	1260	1213.76	0	0
gene-HO397_19215	1470	1678.18	1	0.356518
gene-HO397_19220	837	790.755	0	0
gene-HO397_19225	939	1130.72	2	1.05827
gene-HO397_19230	1035	1114.07	2	1.07408
gene-HO397_19235	621	655.879	3	2.73664
gene-HO397_19240	984	937.755	0	0
gene-HO397_19245	675	711.519	5	4.2044
gene-HO397_19250	1374	1300.64	30	13.8002
gene-HO397_19255	699	671.283	11	9.8041
gene-HO397_19260	501	480.469	6	7.47147
gene-HO397_19265	903	1061.62	30	16.9073
gene-HO397_19270	963	986.194	11	6.67345
gene-HO397_19275	990	943.755	0	0
gene-HO397_19280	756	637.409	8	7.50918
gene-HO397_19285	768	621.816	19	18.2815
gene-HO397_19290	600	570.855	2	2.09616
gene-HO397_19295	441	487.868	9	11.0373
gene-HO397_19300	300	381.08	13	20.4102
gene-HO397_19305	429	416.046	5	7.19034
gene-HO397_19310	747	752.298	11	8.74829
gene-HO397_19315	1011	912.88	1	0.655401
gene-HO397_19320	1509	1565.97	10	3.82064
gene-HO397_19325	846	830.737	2	1.44041
gene-HO397_19330	246	167.987	25	89.0399
gene-HO397_19335	486	465.482	49	62.9816
gene-HO397_19340	927	1006.8	7	4.15982
gene-HO397_19345	1332	1309.98	19	8.6778
gene-HO397_19350	531	420.607	21	29.8719
gene-HO397_19355	960	848.545	23	16.2171
gene-HO397_19360	1026	1112.77	10	5.37669
gene-HO397_19365	2199	2223.72	12	3.22865
gene-HO397_19370	213	149.403	19	76.088
gene-HO397_19375	624	644.294	2	1.85723
gene-HO397_19380	609	571.39	12	12.5652
gene-HO397_19385	318	284.746	19	39.9223
gene-HO397_19390	1161	1365.91	21	9.1985
gene-HO397_19395	2433	2316.41	36	9.2984
gene-HO397_19400	891	922.878	3	1.9449
gene-HO397_19405	2181	2034.2	95	27.9416
gene-HO397_19410	906	772.438	7	5.42194
gene-HO397_19415	618	541.775	5	5.52168
gene-HO397_19420	1104	1002.06	3	1.79122
gene-HO397_19425	663	533.255	1	1.12198
gene-HO397_19430	2502	2357.88	6	1.52248
gene-HO397_19435	1080	1033.76	0	0
gene-HO397_19440	321	274.819	0	0
gene-HO397_19445	2298	2553.92	12	2.81122
gene-HO397_19450	879	785.06	2	1.52422
gene-HO397_19455	342	315.593	3	5.6874
gene-HO397_19460	852	891.471	2	1.34228
gene-HO397_19465	1734	2027.36	164	48.3986
gene-HO397_19470	2652	2543.12	47	11.0573
gene-HO397_19475	1152	1274.28	21	9.85993
gene-HO397_19480	1005	966.514	69	42.7131
gene-HO397_19485	777	612.003	15	14.6642
gene-HO397_19490	1374	1216.63	32	15.7367
gene-HO397_19495	918	963.841	15	9.31121
gene-HO397_19500	1401	1404.68	35	14.9077
gene-HO397_19505	651	562.549	49	52.1142
gene-HO397_19510	360	277.83	19	40.9162
gene-HO397_19515	1101	1164.59	38	19.5223
gene-HO397_19520	1845	2291.21	10	2.61129
gene-HO397_19525	858	838.198	31	22.1277
rna-HO397_19530	1554	1536.68	9628.53	3748.83
rna-HO397_19535	76	36.3116	145.75	2401.51
rna-HO397_19540	2934	3050.75	12188.8	2390.43
rna-HO397_19545	116	73.0415	3965.5	32482.5
gene-HO397_19550	1029	1146.35	17	8.8726
gene-HO397_19555	966	989.287	9	5.44303
gene-HO397_19560	951	1022.22	12	7.02356
rna-HO397_19565	76	36.3116	1610	26527.8
rna-HO397_19570	85	44.5375	130.196	1749.01
rna-HO397_19575	75	48.4635	684	8444.27
rna-HO397_19580	76	36.3116	57.1275	941.285
gene-HO397_19585	1185	1181.87	90.209	45.6667
gene-HO397_19590	384	320.105	24	44.8579
gene-HO397_19595	546	492.402	26	31.5918
gene-HO397_19600	429	393.803	22	33.4244
gene-HO397_19605	705	724.424	70	57.813
gene-HO397_19610	498	457.021	150	196.37
gene-HO397_19615	366	338.682	279	492.871
gene-HO397_19620	4029	4140.52	253	36.5583
gene-HO397_19625	4224	3978.11	386	58.0538
gene-HO397_19630	540	576.063	5	5.19302
gene-HO397_19635	1134	1252.82	1	0.477563
gene-HO397_19640	771	631.644	1	0.947213
gene-HO397_19645	201	111.37	1	5.3722
gene-HO397_19650	756	709.755	0	0
gene-HO397_19655	636	589.755	0	0
gene-HO397_19660	1896	1843.25	7	2.27214
gene-HO397_19665	477	471.672	57	72.3029
gene-HO397_19670	774	740.896	4	3.23016
gene-HO397_19675	1065	1008.31	8	4.74699
gene-HO397_19680	672	711.728	7	5.88443
gene-HO397_19685	591	588.137	37	37.6395
gene-HO397_19690	273	201.522	4	11.8756
gene-HO397_19695	696	558.978	3	3.21105
gene-HO397_19700	420	344.918	1	1.73462
gene-HO397_19705	1377	1371.01	2	0.872793
gene-HO397_19710	1326	1271.71	5	2.35235
gene-HO397_19715	1290	1308.59	2	0.914422
gene-HO397_19720	1590	1659.3	5	1.80287
rna-HO397_19725	1554	1520.16	5053.16	1988.81
rna-HO397_19730	76	36.3116	145.75	2401.51
rna-HO397_19735	2927	3027.15	21872.2	4322.95
rna-HO397_19740	116	73.0415	3965.5	32482.5
gene-HO397_19745	444	318.424	3	5.63685
gene-HO397_19750	930	983.049	7	4.26033
gene-HO397_19755	1602	1734.58	16	5.51883
gene-HO397_19760	1305	1304.95	4	1.83395
gene-HO397_19765	1737	1987.32	10	3.0106
gene-HO397_19770	1575	2020.49	1	0.296118
gene-HO397_19775	825	919.116	6	3.90572
gene-HO397_19780	3684	3835.12	21	3.27613
gene-HO397_19785	1632	1550.21	6	2.3157
gene-HO397_19790	690	574.851	3	3.12238
gene-HO397_19795	873	1036.61	11	6.34886
gene-HO397_19800	273	241.147	6	14.8864
gene-HO397_19805	1350	1329.31	16	7.20137
gene-HO397_19810	1650	1903.62	19	5.97163
gene-HO397_19815	243	118.853	1	5.03395
gene-HO397_19820	639	643.363	4	3.71984
gene-HO397_19825	738	691.755	0	0
gene-HO397_19830	2097	2244.88	6	1.59911
gene-HO397_19835	279	202.38	1	2.95633
gene-HO397_19840	144	99.7069	0	0
gene-HO397_19845	411	332.295	4	7.20206
gene-HO397_19850	1476	1592.54	7	2.62984
gene-HO397_19855	891	925.639	5	3.23183
gene-HO397_19860	1545	1851.62	3	0.969369
gene-HO397_19865	1191	1384.1	70758	30586.3
gene-HO397_19870	1116	1069.76	0	0
gene-HO397_19875	1341	1511.07	4	1.58378
gene-HO397_19880	921	804.65	3	2.23067
gene-HO397_19885	1581	1837.63	3	0.976749
gene-HO397_19890	498	451.755	0	0
gene-HO397_19895	873	889.536	3	2.0178
gene-HO397_19900	2424	2411.56	55	13.6454
gene-HO397_19905	369	394.332	14	21.2416
gene-HO397_19910	609	567.477	53	55.879
gene-HO397_19915	1326	1506.82	9	3.57356
gene-HO397_19920	210	184.314	17	55.1838
gene-HO397_19925	516	538.04	6	6.67202
gene-HO397_19930	1022	1394.66	1	0.428994
gene-HO397_19935	1038	1146.95	4	2.08658
gene-HO397_19940	243	196.926	0	0
gene-HO397_19945	984	937.755	0	0
gene-HO397_19950	1416	1326.67	314	141.608
gene-HO397_19955	1080	954.049	12	7.52543
gene-HO397_19960	1194	1250.57	19	9.09007
gene-HO397_19965	204	158.03	0	0
gene-HO397_19970	714	748.986	8	6.39053
gene-HO397_19975	417	371.52	3	4.83125
gene-HO397_19980	357	298.507	10	20.0431
gene-HO397_19985	2823	2793.85	42	8.9943
gene-HO397_19990	537	553.321	20	21.6258
gene-HO397_19995	282	214.924	17	47.3243
gene-HO397_20000	1587	2069.25	9	2.60225
gene-HO397_20005	324	305.126	18	35.295
gene-HO397_20010	465	490.669	3	3.65808
gene-HO397_20015	1350	1386.68	5	2.15732
gene-HO397_20020	1650	1690.65	15	5.30834
gene-HO397_20025	1294	1746.9	6	2.05496
gene-HO397_20030	1650	1667.96	8	2.86962
gene-HO397_20035	315	268.819	0	0
gene-HO397_20040	1959	2087.86	7	2.00594
gene-HO397_20045	1437	1371.05	6	2.61829
gene-HO397_20050	567	571.118	1	1.0476
gene-HO397_20055	672	625.755	0	0
gene-HO397_20060	957	910.755	0	0
gene-HO397_20065	1719	1570.59	5	1.9047
gene-HO397_20070	384	337.755	0	0
gene-HO397_20075	597	525.706	4	4.55237
gene-HO397_20080	1314	1202.62	14	6.96497
gene-HO397_20085	690	750.633	12	9.56476
gene-HO397_20090	2148	2437.71	6	1.47262
gene-HO397_20095	1467	1345.79	1	0.444574
gene-HO397_20100	2052	2290.2	1	0.261245
gene-HO397_20105	1032	1112.12	11	5.91783
gene-HO397_20110	276	229.844	0	0
gene-HO397_20115	1986	2275.49	2	0.525866
gene-HO397_20120	930	889.569	4	2.6903
gene-HO397_20125	696	716.367	5	4.17594
gene-HO397_20130	981	934.755	0	0
gene-HO397_20135	1533	1883.73	23	7.30515
gene-HO397_20140	936	872.267	5	3.42958
gene-HO397_20145	891	769.725	6	4.66376
gene-HO397_20150	450	403.755	0	0
gene-HO397_20155	330	312.594	4	7.65597
gene-HO397_20160	759	782.593	5	3.82256
gene-HO397_20165	435	530.732	1	1.12732
gene-HO397_20170	558	437.134	3	4.10608
gene-HO397_20175	1137	868.647	1	0.688775
gene-HO397_20180	681	564.685	2	2.11906
gene-HO397_20185	759	712.755	0	0
gene-HO397_20190	846	799.755	0	0
gene-HO397_20195	1065	1005.36	2	1.19023
gene-HO397_20200	585	540.085	1	1.10779
gene-HO397_20205	453	406.755	0	0
gene-HO397_20210	726	674.201	2	1.77485
gene-HO397_20215	780	735.564	3	2.44018
gene-HO397_20220	1017	970.755	0	0
gene-HO397_20225	789	742.755	0	0
gene-HO397_20230	444	397.755	0	0
gene-HO397_20235	336	314.557	2	3.80409
gene-HO397_20240	2229	2128.37	23	6.46547
gene-HO397_20245	879	784.173	9	6.86675
gene-HO397_20250	1503	1530.34	285	111.423
gene-HO397_20255	90	48.9759	124	1514.81
gene-HO397_20260	1101	997.873	238	142.699
gene-HO397_20265	669	763.912	42	32.8947
gene-HO397_20270	1644	1764.48	92	31.1955
gene-HO397_20275	1338	1220.98	2	0.980033
gene-HO397_20280	762	977.231	7	4.28569
gene-HO397_20285	2268	2496.93	16	3.83384
gene-HO397_20290	909	896.835	11	7.33838
gene-HO397_20295	1356	1197.9	10	4.99459
gene-HO397_20300	1422	1543.95	6	2.32509
gene-HO397_20305	630	583.755	0	0
gene-HO397_20310	1647	1590.01	2	0.752577
gene-HO397_20315	1341	1294.76	0	0
gene-HO397_20320	720	712.229	33	27.7214
gene-HO397_20325	1637	1788.9	16	5.35124
gene-HO397_20330	231	184.926	0	0
gene-HO397_20335	273	339.654	3	5.28451
gene-HO397_20340	297	308.057	3	5.82653
gene-HO397_20345	174	128.693	0	0
gene-HO397_20350	1518	1795.65	30	9.99584
gene-HO397_20355	1458	1392.95	8	3.43617
gene-HO397_20360	2148	2311.8	6	1.55282
gene-HO397_20365	1335	1342.53	5	2.22827
gene-HO397_20370	1539	1739.88	27	9.28461
rna-HO397_20375	76	36.3116	5	82.3845
gene-HO397_20380	576	529.755	0	0
gene-HO397_20385	1698	1641.95	3	1.09316
gene-HO397_20390	339	240.644	1	2.48626
gene-HO397_20395	1302	1206.26	33	16.368
gene-HO397_20400	1437	1435.01	21	8.7556
gene-HO397_20405	477	519.014	7	8.06937
gene-HO397_20410	1257	1351.52	17	7.52569
gene-HO397_20415	294	234.481	28	71.4447
gene-HO397_20420	1647	1483.08	118	47.6034
gene-HO397_20425	354	240.296	10	24.8985
gene-HO397_20430	870	1099.54	17	9.25037
gene-HO397_20435	1029	1118.76	21	11.2306
gene-HO397_20440	567	513.458	92	107.202
gene-HO397_20445	126	55.6651	5	53.7412
gene-HO397_20450	147	102.534	0	0
gene-HO397_20455	318	260.704	10	22.9495
gene-HO397_20460	537	629.863	4	3.79957
gene-HO397_20465	1134	1267.98	3	1.41556
gene-HO397_20470	360	327.272	2	3.6563
gene-HO397_20475	396	325.63	1	1.83736
gene-HO397_20480	735	723.828	3	2.47974
gene-HO397_20485	1809	1837.35	9	2.9307
gene-HO397_20490	978	970.87	5	3.08127
gene-HO397_20495	1503	1656.73	16	5.77815
gene-HO397_20500	3324	3232.7	14	2.59109
gene-HO397_20505	969	826.706	5	3.61859
gene-HO397_20510	1053	1068.39	10	5.60002
gene-HO397_20515	546	446.487	4	5.36009
rna-HO397_20520	76	36.3116	137	2257.34
rna-HO397_20525	76	36.3116	137	2257.34
rna-HO397_20530	76	36.3116	137	2257.34
gene-HO397_20535	54	17.247	0	0
gene-HO397_20540	1140	1205.61	9	4.46638
gene-HO397_20545	1548	1453.34	32	13.1735
gene-HO397_20550	462	456.582	4	5.24158
gene-HO397_20555	1338	1375.37	12	5.22015
gene-HO397_20560	1848	1812.58	27	8.91222
gene-HO397_20565	951	860.334	103	71.6293
gene-HO397_20570	309	246.179	39	94.7836
gene-HO397_20575	1281	1226.34	42	20.4907
gene-HO397_20580	1260	1154.62	20	10.3636
gene-HO397_20585	1005	958.685	34	21.2189
gene-HO397_20590	198	152.123	0	0
gene-HO397_20595	1299	1301.14	133	61.1573
gene-HO397_20600	426	365.181	27	44.236
gene-HO397_20605	2442	2401.75	88	21.9217
gene-HO397_20610	732	682.626	13	11.3941
gene-HO397_20615	402	452.634	4	5.28729
gene-HO397_20620	699	837.25	1	0.714604
gene-HO397_20625	660	664.797	9	8.09979
gene-HO397_20630	399	520.137	2	2.30055
gene-HO397_20635	639	696.684	3	2.57636
gene-HO397_20640	1164	1062.48	37	20.8355
gene-HO397_20645	1626	1697.57	6	2.11468
gene-HO397_20650	276	297.775	1	2.00924
gene-HO397_20655	330	250.009	1	2.39313
gene-HO397_20660	750	946.282	12	7.5872
gene-HO397_20665	756	736.818	9	7.30807
gene-HO397_20670	1065	1052.34	4	2.27418
gene-HO397_20675	1398	1351.76	0	0
gene-HO397_20680	306	259.819	0	0
gene-HO397_20685	465	348.92	1	1.71473
gene-HO397_20690	651	703.48	2	1.70098
gene-HO397_20695	855	808.755	0	0
gene-HO397_20700	687	640.755	0	0
gene-HO397_20705	276	298.782	1	2.00247
gene-HO397_20710	396	315.826	4	7.57761
gene-HO397_20715	315	369.893	14	22.645
gene-HO397_20720	228	142.993	9	37.6573
gene-HO397_20725	450	420.916	13	18.4786
gene-HO397_20730	1278	1515.55	15	5.92164
gene-HO397_20735	2073	2386.06	14	3.51049
gene-HO397_20740	1542	1713.6	4	1.3966
gene-HO397_20745	777	790.12	1	0.757229
gene-HO397_20750	843	796.755	0	0
gene-HO397_20755	792	813.851	29	21.3193
gene-HO397_20760	648	726.944	13	10.6995
gene-HO397_20765	639	615.743	10	9.71675
gene-HO397_20770	621	523.887	5	5.71022
gene-HO397_20775	1413	1339.54	29	12.9528
gene-HO397_20780	663	626.939	5	4.77161
gene-HO397_20785	966	1187.29	16	8.06277
gene-HO397_20790	861	965.13	14	8.67886
gene-HO397_20795	381	423.437	4	5.65187
gene-HO397_20800	1944	2245.75	18	4.79547
gene-HO397_20805	741	754.136	66	52.3618
gene-HO397_20810	558	452.214	5	6.61525
gene-HO397_20815	207	203.859	5	14.6744
gene-HO397_20820	1344	1429.37	19	7.953
gene-HO397_20825	639	646.342	6	5.55404
gene-HO397_20830	1734	1767.72	36	12.1845
gene-HO397_20835	3780	3721.05	129	20.7417
gene-HO397_20840	342	400.501	3	4.48165
gene-HO397_20845	531	432.375	21	29.0589
gene-HO397_20850	957	878.63	3	2.04285
gene-HO397_20855	1503	1546.16	3	1.16088
gene-HO397_20860	1023	976.755	0	0
gene-HO397_20865	996	1110.94	1	0.538556
gene-HO397_20870	999	1037.59	17	9.80263
gene-HO397_20875	1374	1216	24	11.8086
gene-HO397_20880	552	552.466	24	25.9912
gene-HO397_20885	1353	1352.31	8	3.53944
gene-HO397_20890	387	328.22	1	1.82287
gene-HO397_20895	465	446.192	1	1.34091
gene-HO397_20900	2139	2356.09	5	1.26969
gene-HO397_20905	1656	1784.45	1	0.335287
gene-HO397_20910	1422	1550.46	12	4.63064
gene-HO397_20915	948	1079.23	4	2.21752
gene-HO397_20920	54	17.247	18	624.424
gene-HO397_20925	2697	2629.03	27	6.14453
gene-HO397_20930	387	301.276	15	29.7884
gene-HO397_20935	462	415.755	0	0
gene-HO397_20940	936	786.101	5	3.8055
gene-HO397_20945	135	91.6435	2	13.0572
gene-HO397_20950	396	349.755	0	0
gene-HO397_20955	714	591.491	7	7.0806
gene-HO397_20960	594	661.453	7	6.33169
gene-HO397_20965	453	502.013	1	1.19181
gene-HO397_20970	1653	2379.09	6	1.5089
gene-HO397_20975	1005	1176.71	9	4.57607
gene-HO397_20980	417	356.076	16	26.8843
gene-HO397_20985	504	473.662	6	7.57884
gene-HO397_20990	1197	1411.11	1	0.423993
gene-HO397_20995	2856	2955.39	63	12.754
gene-HO397_21000	444	391.538	76	116.134
gene-HO397_21005	1512	1514.69	74	29.2301
gene-HO397_21010	1101	1169.91	35	17.8992
gene-HO397_21015	1083	1124.2	6	3.1932
gene-HO397_21020	1503	1683.85	14	4.97446
gene-HO397_21025	999	1055.6	11	6.23467
gene-HO397_21030	1320	1383.11	8	3.46063
gene-HO397_21035	765	776.687	2	1.54065
gene-HO397_21040	1032	1094.13	4	2.18732
gene-HO397_21045	564	507.951	12	14.1345
gene-HO397_21050	1020	1109.26	1	0.539371
rna-HO397_21055	85	44.5375	66	886.622
gene-HO397_21060	1266	1304.93	30	13.7548
gene-HO397_21065	1103	1228.19	18	8.76851
gene-HO397_21070	230	183.926	0	0
gene-HO397_21075	144	90.1167	3	19.9176
gene-HO397_21080	1347	1411.37	11	4.66306
gene-HO397_21085	1218	1171.76	0	0
gene-HO397_21090	1119	1311.03	17	7.75814
gene-HO397_21095	126	82.4069	0	0
gene-HO397_21100	258	188.056	73	232.251
gene-HO397_21105	237	225.127	5	13.2881
gene-HO397_21110	1168	1112.31	25.7018	13.8248
gene-HO397_21115	414	449.349	7	9.3204
gene-HO397_21120	1998	2037.12	17	4.99291
gene-HO397_21125	1157	1271.82	15	7.05642
gene-HO397_21130	785	820.886	14.2982	10.4212
gene-HO397_21135	258	179.017	1	3.34214
gene-HO397_21140	768	722.929	2	1.65522
gene-HO397_21145	957	932.466	2	1.28327
gene-HO397_21150	999	1009.39	1	0.592734
gene-HO397_21155	903	871.653	10	6.86399
gene-HO397_21160	2325	2553.88	2	0.468544
gene-HO397_21165	954	936.032	1	0.63919
gene-HO397_21170	522	519.975	3	3.45191
gene-HO397_21175	698	791.814	172	129.965
gene-HO397_21180	66	27.4668	0	0
gene-HO397_21185	105	65.5887	3	27.3661
gene-HO397_21190	258	215.905	9	24.9402
gene-HO397_21195	698	715.678	0.000130654	0.000109226
gene-HO397_21200	783	777.371	23	17.7019
gene-HO397_21205	633	534.157	3	3.36026
gene-HO397_21210	432	486.835	1	1.22896
gene-HO397_21215	807	773.137	32	24.7636
gene-HO397_21220	1314	1219.61	5	2.45284
gene-HO397_21225	279	232.844	0	0
gene-HO397_21230	1122	1075.76	0	0
gene-HO397_21235	219	172.997	0	0
gene-HO397_21240	747	720.76	3	2.4903
gene-HO397_21245	546	618.016	1	0.968101
gene-HO397_21250	258	208.84	16	45.838
gene-HO397_21255	246	199.926	0	0
gene-HO397_21260	987	1076.55	9	5.00185
gene-HO397_21265	981	1018.55	10	5.87408
gene-HO397_21270	1107	1060.76	0	0
gene-HO397_21275	717	782.248	5	3.82425
gene-HO397_21280	483	500.929	9	10.7495
gene-HO397_21285	698	715.678	0.000130654	0.000109226
gene-HO397_21290	135	144.857	1	4.1303
gene-HO397_21295	597	684.031	1	0.874671
gene-HO397_21300	549	467.897	3	3.83612
gene-HO397_21305	540	493.755	0	0
gene-HO397_21310	726	785.465	1	0.761717
gene-HO397_21315	2637	2940.15	33	6.71529
gene-HO397_21320	531	484.755	0	0
gene-HO397_21325	504	407.476	4	5.87325
gene-HO397_21330	903	952.28	3	1.88485
gene-HO397_21335	1344	1321.48	7	3.16925
gene-HO397_21340	1185	1308.94	2	0.91418
gene-HO397_21345	1461	1381.1	3	1.29962
gene-HO397_21350	774	751.126	10	7.9654
gene-HO397_21355	831	935.542	6	3.83715
gene-HO397_21360	84	43.6458	0	0
gene-HO397_21365	393	346.755	0	0
gene-HO397_21370	912	950.104	17	10.7053
gene-HO397_21375	1173	1147.27	10	5.215
gene-HO397_21380	462	415.755	0	0
gene-HO397_21385	684	685.208	1	0.873169
gene-HO397_21390	555	468.346	7	8.94236
gene-HO397_21395	1179	1252.62	14	6.68696
gene-HO397_21400	861	1050.17	6	3.41832
gene-HO397_21405	258	211.865	0	0
gene-HO397_21410	768	957.332	1	0.624968
gene-HO397_21415	1152	1046.5	1	0.571715
gene-HO397_21420	1281	1339.76	5	2.23288
gene-HO397_21425	1233	1195.89	2	1.0006
gene-HO397_21430	756	815.881	7	5.13324
gene-HO397_21435	698	715.678	0.000130654	0.000109226
gene-HO397_21440	3363	3571.43	7	1.17267
gene-HO397_21445	1047	1335.03	13	5.82603
gene-HO397_21450	1380	1737.64	89	30.6444
gene-HO397_21455	342	289.149	1	2.06918
gene-HO397_21460	711	737.935	15	12.1617
gene-HO397_21465	698	711.903	0.00979694	0.0082336
gene-HO397_21470	720	917.866	71	46.2807
gene-HO397_21475	1590	1511.53	58	22.9578
gene-HO397_21480	3513	3456.81	40	6.92316
gene-HO397_21485	915	880.307	11	7.47617
gene-HO397_21490	957	960.767	5	3.11367
gene-HO397_21495	204	177.66	1	3.36768
gene-HO397_21500	2151	2098.69	24	6.84201
gene-HO397_21505	513	466.755	0	0
gene-HO397_21510	1563	1634.16	8	2.92897
gene-HO397_21515	891	739.564	18	14.5619
gene-HO397_21520	1377	1240.71	2	0.964453
gene-HO397_21525	789	742.755	0	0
gene-HO397_21530	804	757.755	0	0
gene-HO397_21535	381	274.29	2	4.36255
gene-HO397_21540	852	730.654	3	2.45657
gene-HO397_21545	1467	1290.65	1	0.463568
gene-HO397_21550	1290	1458.72	5	2.05078
gene-HO397_21555	447	360.377	1	1.66021
gene-HO397_21560	1656	1491.14	12	4.81486
gene-HO397_21565	1362	1383.94	9	3.89086
gene-HO397_21570	914	963.528	3	1.86285
gene-HO397_21575	1023	1166.63	1	0.512847
gene-HO397_21580	2292	2416.29	38	9.40924
gene-HO397_21585	495	402.05	9	13.3932
gene-HO397_21590	738	691.755	0	0
gene-HO397_21595	540	637.951	3	2.81355
gene-HO397_21600	474	453.802	2	2.63684
gene-HO397_21605	771	723.859	3	2.47963
gene-HO397_21610	726	817.802	3	2.19479
gene-HO397_21615	678	702.292	3	2.55578
gene-HO397_21620	789	582.539	9	9.24353
gene-HO397_21625	237	148.611	7	28.1816
rna-HO397_21630	87	46.3586	243.852	3147.15
rna-HO397_21635	87	46.3586	1115.44	14395.9
rna-HO397_21640	87	46.3586	243.852	3147.15
gene-HO397_21645	1032	1053.65	22	12.4924
gene-HO397_21650	414	389.493	4	6.14441
gene-HO397_21655	447	478.836	4	4.99797
gene-HO397_21660	678	651.183	5	4.59396
gene-HO397_21665	1590	1481.54	26	10.4998
gene-HO397_21670	606	634.127	2	1.88701
gene-HO397_21675	162	117.098	0	0
gene-HO397_21680	1074	1141.03	10	5.24353
gene-HO397_21685	780	676.767	5	4.42029
gene-HO397_21690	864	930.483	1	0.643001
gene-HO397_21695	1551	1575.85	2	0.759338
gene-HO397_21700	780	681.86	4	3.50983
gene-HO397_21705	1323	1552.47	5	1.92693
gene-HO397_21710	1224	1067.81	19	10.6459
gene-HO397_21715	720	744.557	10	8.03567
gene-HO397_21720	264	235.7	4	10.1536
gene-HO397_21725	1017	991.095	5	3.01839
gene-HO397_21730	645	694.318	12	10.3405
gene-HO397_21735	969	1045.39	12	6.86789
gene-HO397_21740	1383	1353.11	7	3.09518
gene-HO397_21745	1233	1254.34	6	2.86191
gene-HO397_21750	1668	1545.91	22	8.5145
gene-HO397_21755	1938	2013.72	20	5.94224
gene-HO397_21760	327	258.766	4	9.24854
gene-HO397_21765	522	464.73	11	14.1616
gene-HO397_21770	648	575.54	39	40.5424
gene-HO397_21775	870	901.534	38	25.2187
gene-HO397_21780	474	534.975	11	12.3021
gene-HO397_21785	690	670.426	9	8.03178
gene-HO397_21790	1425	1628.39	8	2.93935
gene-HO397_21795	1353	1306.76	0	0
gene-HO397_21800	717	694.641	131	112.832
gene-HO397_21805	141	101.283	17	100.423
gene-HO397_21810	687	713.784	2	1.67642
